VehicleName	TimeStamp	POS_X	POS_Y	POS_Z	Q_W	Q_X	Q_Y	Q_Z	ImageFile
UAV1	1649991486799	0.226714	-5.54323e-08	23.1875	1	0	0	-6.09563e-11	img_UAV1_0_0_1649991487032796100.png
UAV1	1649991486919	0.226714	-5.54323e-08	23.1875	1	0	0	-6.09563e-11	img_UAV1_0_0_1649991487157563200.png
UAV1	1649991487009	0.226714	-5.54323e-08	23.1875	1	0	0	-6.09563e-11	img_UAV1_0_0_1649991487254148500.png
UAV1	1649991487117	0.226714	-5.54323e-08	23.1875	1	0	0	-6.09563e-11	img_UAV1_0_0_1649991487367055100.png
UAV1	1649991487207	0.226714	-5.54323e-08	23.1875	1	0	0	-6.09563e-11	img_UAV1_0_0_1649991487460196100.png
UAV1	1649991487312	0.226714	-5.54323e-08	23.1875	1	0	0	-6.09563e-11	img_UAV1_0_0_1649991487563692000.png
UAV1	1649991487417	0.226714	-5.54323e-08	23.1875	1	0	0	-6.09563e-11	img_UAV1_0_0_1649991487668256200.png
UAV1	1649991487519	0.226714	-5.54323e-08	23.1875	1	0	0	-6.09563e-11	img_UAV1_0_0_1649991487771848100.png
UAV1	1649991487624	0.226714	-5.54323e-08	23.1875	1	0	0	-6.09563e-11	img_UAV1_0_0_1649991487876363800.png
UAV1	1649991487732	0.226714	-5.54323e-08	23.1875	1	0	0	-6.09563e-11	img_UAV1_0_0_1649991487986710100.png
UAV1	1649991487828	0.226714	-5.54323e-08	23.1875	1	0	0	-6.09563e-11	img_UAV1_0_0_1649991488083159300.png
UAV1	1649991488218	0.226714	-5.54323e-08	23.1875	1	0	0	-6.09563e-11	img_UAV1_0_0_1649991488481182900.png
UAV1	1649991488554	0.226714	-5.54323e-08	23.1875	1	0	0	-6.09563e-11	img_UAV1_0_0_1649991488817641400.png
UAV1	1649991488890	0.226714	-5.54323e-08	23.1875	1	0	0	-6.09563e-11	img_UAV1_0_0_1649991489153966200.png
UAV1	1649991489229	0.226714	-5.54323e-08	23.1875	1	0	0	-6.09563e-11	img_UAV1_0_0_1649991489493583200.png
UAV1	1649991489556	0.226714	-5.54323e-08	23.1875	1	0	0	-6.09563e-11	img_UAV1_0_0_1649991489826622400.png
UAV1	1649991489892	0.226714	-5.54323e-08	23.1875	1	0	0	-6.09563e-11	img_UAV1_0_0_1649991490163902500.png
UAV1	1649991490219	0.226714	-5.54323e-08	23.1875	1	0	0	-6.09563e-11	img_UAV1_0_0_1649991490498747700.png
UAV1	1649991490558	0.226714	-5.54323e-08	23.1875	1	0	0	-6.09563e-11	img_UAV1_0_0_1649991490838438000.png
UAV1	1649991490894	0.226714	-5.54323e-08	23.1875	1	0	0	-6.09563e-11	img_UAV1_0_0_1649991491174999500.png
UAV1	1649991491230	0.226714	-5.54323e-08	23.1875	1	0	0	-6.09563e-11	img_UAV1_0_0_1649991491510470400.png
UAV1	1649991491566	0.226714	-5.54323e-08	23.1875	1	0	0	-6.09563e-11	img_UAV1_0_0_1649991491846745000.png
UAV1	1649991491902	0.226714	-5.54323e-08	23.1875	1	0	0	-6.09563e-11	img_UAV1_0_0_1649991492184911000.png
UAV1	1649991492238	0.226714	-5.54323e-08	23.1875	1	0	0	-6.09563e-11	img_UAV1_0_0_1649991492521214700.png
UAV1	1649991492565	0.226714	-5.54323e-08	23.1875	1	0	0	-6.09563e-11	img_UAV1_0_0_1649991492848851800.png
UAV1	1649991492595	0.226714	-5.54323e-08	23.1875	1	0	0	-6.09563e-11	img_UAV1_0_0_1649991492877309600.png
UAV1	1649991492703	0.226714	-5.54323e-08	23.1841	1	0	0	-6.09563e-11	img_UAV1_0_0_1649991492985899500.png
UAV1	1649991492796	0.226714	-5.54323e-08	23.1533	1	0	0	-6.09563e-11	img_UAV1_0_0_1649991493081017400.png
UAV1	1649991492907	0.226714	-5.54323e-08	23.1056	1	0	0	-6.09563e-11	img_UAV1_0_0_1649991493202607400.png
UAV1	1649991493012	0.226714	-5.54323e-08	23.0586	1	0	0	-6.09563e-11	img_UAV1_0_0_1649991493345490900.png
UAV1	1649991493105	0.226714	-5.54323e-08	23.0164	1	0	0	-6.09563e-11	img_UAV1_0_0_1649991493443197700.png
UAV1	1649991493216	0.226714	-5.54323e-08	22.9669	1	0	0	-6.09563e-11	img_UAV1_0_0_1649991493553268900.png
UAV1	1649991493309	0.226714	-5.54323e-08	22.9225	1	0	0	-6.09563e-11	img_UAV1_0_0_1649991493649855700.png
UAV1	1649991493417	0.226714	-5.54323e-08	22.8721	1	0	0	-6.09563e-11	img_UAV1_0_0_1649991493757871900.png
UAV1	1649991493513	0.226714	-5.54323e-08	22.8271	1	0	0	-6.09563e-11	img_UAV1_0_0_1649991493855616300.png
UAV1	1649991493621	0.226714	-5.54323e-08	22.7761	1	0	0	-6.09563e-11	img_UAV1_0_0_1649991493964052000.png
UAV1	1649991493723	0.226714	-5.54323e-08	22.7276	1	0	0	-6.09563e-11	img_UAV1_0_0_1649991494064540100.png
UAV1	1649991493819	0.226714	-5.54323e-08	22.6818	1	0	0	-6.09563e-11	img_UAV1_0_0_1649991494161237600.png
UAV1	1649991493930	0.226714	-5.54323e-08	22.6286	1	0	0	-6.09563e-11	img_UAV1_0_0_1649991494273218600.png
UAV1	1649991494029	0.226714	-5.54323e-08	22.581	1	0	0	-6.09563e-11	img_UAV1_0_0_1649991494376388800.png
UAV1	1649991494131	0.226714	-5.54323e-08	22.5317	1	0	0	-6.09563e-11	img_UAV1_0_0_1649991494479662400.png
UAV1	1649991494230	0.226714	-5.54323e-08	22.4838	1	0	0	-6.09563e-11	img_UAV1_0_0_1649991494577874900.png
UAV1	1649991494341	0.226714	-5.54323e-08	22.4299	1	0	0	-6.09563e-11	img_UAV1_0_0_1649991494689121700.png
UAV1	1649991494437	0.226714	-5.54323e-08	22.3831	1	0	0	-6.09563e-11	img_UAV1_0_0_1649991494788471100.png
UAV1	1649991494536	0.226714	-5.54323e-08	22.3348	1	0	0	-6.09563e-11	img_UAV1_0_0_1649991494887038500.png
UAV1	1649991494644	0.226714	-5.54323e-08	22.282	1	0	0	-6.09563e-11	img_UAV1_0_0_1649991494999492300.png
UAV1	1649991494743	0.226714	-5.54323e-08	22.2335	1	0	0	-6.09563e-11	img_UAV1_0_0_1649991495097544100.png
UAV1	1649991494851	0.226714	-5.54323e-08	22.1806	1	0	0	-6.09563e-11	img_UAV1_0_0_1649991495210729700.png
UAV1	1649991494950	0.226714	-5.54323e-08	22.1319	1	0	0	-6.09563e-11	img_UAV1_0_0_1649991495322290600.png
UAV1	1649991495049	0.226714	-5.54323e-08	22.0832	1	0	0	-6.09563e-11	img_UAV1_0_0_1649991495422182800.png
UAV1	1649991495160	0.226714	-5.54323e-08	22.0286	1	0	0	-6.09563e-11	img_UAV1_0_0_1649991495535031200.png
UAV1	1649991495262	0.226714	-5.54323e-08	21.9783	1	0	0	-6.09563e-11	img_UAV1_0_0_1649991495635547500.png
UAV1	1649991495361	0.226714	-5.54323e-08	21.9295	1	0	0	-6.09563e-11	img_UAV1_0_0_1649991495734205700.png
UAV1	1649991495460	0.226714	-5.54323e-08	21.8806	1	0	0	-6.09563e-11	img_UAV1_0_0_1649991495834550600.png
UAV1	1649991495559	0.226714	-5.54323e-08	21.8317	1	0	0	-6.09563e-11	img_UAV1_0_0_1649991495934136000.png
UAV1	1649991495661	0.226714	-5.54323e-08	21.7813	1	0	0	-6.09563e-11	img_UAV1_0_0_1649991496034987600.png
UAV1	1649991495760	0.226714	-5.54323e-08	21.7323	1	0	0	-6.09563e-11	img_UAV1_0_0_1649991496135066400.png
UAV1	1649991495874	0.226714	-5.54323e-08	21.6759	1	0	0	-6.09563e-11	img_UAV1_0_0_1649991496249762800.png
UAV1	1649991495976	0.226714	-5.54323e-08	21.6489	1	0	0	-6.09563e-11	img_UAV1_0_0_1649991496350527600.png
UAV1	1649991496075	0.226714	-5.54323e-08	21.6481	1	0	0	-6.09563e-11	img_UAV1_0_0_1649991496450426000.png
UAV1	1649991496174	0.226714	-5.54323e-08	21.6127	1	0	0	-6.09563e-11	img_UAV1_0_0_1649991496550071000.png
UAV1	1649991496276	0.226714	-5.54323e-08	21.5209	1	0	0	-6.09563e-11	img_UAV1_0_0_1649991496650309400.png
UAV1	1649991496363	0.226714	-5.54323e-08	21.4313	1	0	0	-6.09563e-11	img_UAV1_0_0_1649991496738310800.png
UAV1	1649991496480	0.226714	-5.54323e-08	21.3094	1	0	0	-6.09563e-11	img_UAV1_0_0_1649991496855497500.png
UAV1	1649991496585	0.226714	-5.54323e-08	21.2003	1	0	0	-6.09563e-11	img_UAV1_0_0_1649991496960212100.png
UAV1	1649991496678	0.226714	-5.54323e-08	21.1041	1	0	0	-6.09563e-11	img_UAV1_0_0_1649991497054669000.png
UAV1	1649991496786	0.226714	-5.54323e-08	20.9927	1	0	0	-6.09563e-11	img_UAV1_0_0_1649991497162481900.png
UAV1	1649991496897	0.226714	-5.54323e-08	20.8787	1	0	0	-6.09563e-11	img_UAV1_0_0_1649991497271891900.png
UAV1	1649991496993	0.226714	-5.54323e-08	20.7804	1	0	0	-6.09563e-11	img_UAV1_0_0_1649991497370328900.png
UAV1	1649991497095	0.226714	-5.54323e-08	20.6763	1	0	0	-6.09563e-11	img_UAV1_0_0_1649991497472103000.png
UAV1	1649991497206	0.226714	-5.54323e-08	20.5632	1	0	0	-6.09563e-11	img_UAV1_0_0_1649991497583143500.png
UAV1	1649991497302	0.226714	-5.54323e-08	20.4657	1	0	0	-6.09563e-11	img_UAV1_0_0_1649991497679749800.png
UAV1	1649991497398	0.226714	-5.54323e-08	20.3683	1	0	0	-6.09563e-11	img_UAV1_0_0_1649991497776544300.png
UAV1	1649991497497	0.226714	-5.54323e-08	20.2681	1	0	0	-6.09563e-11	img_UAV1_0_0_1649991497874471500.png
UAV1	1649991497608	0.226714	-5.54323e-08	20.1559	1	0	0	-6.09563e-11	img_UAV1_0_0_1649991497984743800.png
UAV1	1649991497704	0.226714	-5.54323e-08	20.059	1	0	0	-6.09563e-11	img_UAV1_0_0_1649991498083372800.png
UAV1	1649991497806	0.226714	-5.54323e-08	19.9561	1	0	0	-6.09563e-11	img_UAV1_0_0_1649991498183528900.png
UAV1	1649991497920	0.226714	-5.54323e-08	19.8414	1	0	0	-6.09563e-11	img_UAV1_0_0_1649991498297171500.png
UAV1	1649991498016	0.226714	-5.54323e-08	19.7448	1	0	0	-6.09563e-11	img_UAV1_0_0_1649991498394671800.png
UAV1	1649991498112	0.226714	-5.54323e-08	19.6484	1	0	0	-6.09563e-11	img_UAV1_0_0_1649991498491420900.png
UAV1	1649991498208	0.226714	-5.54323e-08	19.552	1	0	0	-6.09563e-11	img_UAV1_0_0_1649991498588000600.png
UAV1	1649991498322	0.226714	-5.54323e-08	19.4376	1	0	0	-6.09563e-11	img_UAV1_0_0_1649991498700481900.png
UAV1	1649991498421	0.226714	-5.54323e-08	19.3384	1	0	0	-6.09563e-11	img_UAV1_0_0_1649991498799467900.png
UAV1	1649991498517	0.226714	-5.54323e-08	19.2422	1	0	0	-6.09563e-11	img_UAV1_0_0_1649991498896556300.png
UAV1	1649991498628	0.226714	-5.54323e-08	19.131	1	0	0	-6.09563e-11	img_UAV1_0_0_1649991499007532100.png
UAV1	1649991498727	0.226714	-5.54323e-08	19.0319	1	0	0	-6.09563e-11	img_UAV1_0_0_1649991499107965700.png
UAV1	1649991498826	0.226714	-5.54323e-08	18.9329	1	0	0	-6.09563e-11	img_UAV1_0_0_1649991499206854900.png
UAV1	1649991498925	0.226714	-5.54323e-08	18.8339	1	0	0	-6.09563e-11	img_UAV1_0_0_1649991499306345000.png
UAV1	1649991499036	0.226714	-5.54323e-08	18.7229	1	0	0	-6.09563e-11	img_UAV1_0_0_1649991499418512400.png
UAV1	1649991499135	0.226714	-5.54323e-08	18.624	1	0	0	-6.09563e-11	img_UAV1_0_0_1649991499517098700.png
UAV1	1649991499234	0.226714	-5.54323e-08	18.5251	1	0	0	-6.09563e-11	img_UAV1_0_0_1649991499616946600.png
UAV1	1649991499333	0.226714	-5.54323e-08	18.4262	1	0	0	-6.09563e-11	img_UAV1_0_0_1649991499716343400.png
UAV1	1649991499435	0.226714	-5.54323e-08	18.3243	1	0	0	-6.09563e-11	img_UAV1_0_0_1649991499817327600.png
UAV1	1649991499546	0.226714	-5.54323e-08	18.2135	1	0	0	-6.09563e-11	img_UAV1_0_0_1649991499929556500.png
UAV1	1649991499645	0.226714	-5.54323e-08	18.1147	1	0	0	-6.09563e-11	img_UAV1_0_0_1649991500027946200.png
UAV1	1649991499747	0.226714	-5.54323e-08	18.0128	1	0	0	-6.09563e-11	img_UAV1_0_0_1649991500129283800.png
UAV1	1649991499846	0.226714	-5.54323e-08	17.914	1	0	0	-6.09563e-11	img_UAV1_0_0_1649991500228739700.png
UAV1	1649991499948	0.226714	-5.54323e-08	17.8123	1	0	0	-6.09563e-11	img_UAV1_0_0_1649991500329818000.png
UAV1	1649991500059	0.226714	-5.54323e-08	17.7015	1	0	0	-6.09563e-11	img_UAV1_0_0_1649991500443637400.png
UAV1	1649991500152	0.226714	-5.54323e-08	17.6088	1	0	0	-6.09563e-11	img_UAV1_0_0_1649991500535095700.png
UAV1	1649991500251	0.226714	-5.54323e-08	17.51	1	0	0	-6.09563e-11	img_UAV1_0_0_1649991500636027700.png
UAV1	1649991500356	0.226714	-5.54323e-08	17.4053	1	0	0	-6.09563e-11	img_UAV1_0_0_1649991500739211600.png
UAV1	1649991500458	0.226714	-5.54323e-08	17.3035	1	0	0	-6.09563e-11	img_UAV1_0_0_1649991500842675000.png
UAV1	1649991500563	0.226714	-5.54323e-08	17.1988	1	0	0	-6.09563e-11	img_UAV1_0_0_1649991500947172400.png
UAV1	1649991500668	0.226714	-5.54323e-08	17.094	1	0	0	-6.09563e-11	img_UAV1_0_0_1649991501051306200.png
UAV1	1649991500773	0.226714	-5.54323e-08	16.9894	1	0	0	-6.09563e-11	img_UAV1_0_0_1649991501156441000.png
UAV1	1649991500875	0.226714	-5.54323e-08	16.8877	1	0	0	-6.09563e-11	img_UAV1_0_0_1649991501259881700.png
UAV1	1649991500968	0.226714	-5.54323e-08	16.795	1	0	0	-6.09563e-11	img_UAV1_0_0_1649991501353914500.png
UAV1	1649991501073	0.226714	-5.54323e-08	16.6903	1	0	0	-6.09563e-11	img_UAV1_0_0_1649991501459234600.png
UAV1	1649991501178	0.226714	-5.54323e-08	16.5856	1	0	0	-6.09563e-11	img_UAV1_0_0_1649991501564162400.png
UAV1	1649991501286	0.226714	-5.54323e-08	16.478	1	0	0	-6.09563e-11	img_UAV1_0_0_1649991501671388800.png
UAV1	1649991501391	0.226714	-5.54323e-08	16.3733	1	0	0	-6.09563e-11	img_UAV1_0_0_1649991501776339500.png
UAV1	1649991501484	0.226714	-5.54323e-08	16.2806	1	0	0	-6.09563e-11	img_UAV1_0_0_1649991501868931100.png
UAV1	1649991501589	0.226714	-5.54323e-08	16.1759	1	0	0	-6.09563e-11	img_UAV1_0_0_1649991501974639400.png
UAV1	1649991501682	0.226714	-5.54323e-08	16.0832	1	0	0	-6.09563e-11	img_UAV1_0_0_1649991502069498600.png
UAV1	1649991501790	0.226714	-5.54323e-08	15.9755	1	0	0	-6.09563e-11	img_UAV1_0_0_1649991502176948300.png
UAV1	1649991501898	0.226714	-5.54323e-08	15.8679	1	0	0	-6.09563e-11	img_UAV1_0_0_1649991502285386500.png
UAV1	1649991502006	0.226714	-5.54323e-08	15.7602	1	0	0	-6.09563e-11	img_UAV1_0_0_1649991502393947700.png
UAV1	1649991502102	0.226714	-5.54323e-08	15.6645	1	0	0	-6.09563e-11	img_UAV1_0_0_1649991502490068300.png
UAV1	1649991502213	0.226714	-5.54323e-08	15.5538	1	0	0	-6.09563e-11	img_UAV1_0_0_1649991502599516500.png
UAV1	1649991502303	0.226714	-5.54323e-08	15.4641	1	0	0	-6.09563e-11	img_UAV1_0_0_1649991502693675500.png
UAV1	1649991502414	0.226714	-5.54323e-08	15.3534	1	0	0	-6.09563e-11	img_UAV1_0_0_1649991502804420500.png
UAV1	1649991502507	0.226714	-5.54323e-08	15.2607	1	0	0	-6.09563e-11	img_UAV1_0_0_1649991502898060300.png
UAV1	1649991502618	0.226714	-5.54323e-08	15.1501	1	0	0	-6.09563e-11	img_UAV1_0_0_1649991503007602400.png
UAV1	1649991502714	0.226714	-5.54323e-08	15.0544	1	0	0	-6.09563e-11	img_UAV1_0_0_1649991503102632800.png
UAV1	1649991502822	0.226714	-5.54323e-08	14.9467	1	0	0	-6.09563e-11	img_UAV1_0_0_1649991503211649000.png
UAV1	1649991502918	0.226714	-5.54323e-08	14.854	1	0	0	-6.09563e-11	img_UAV1_0_0_1649991503306855400.png
UAV1	1649991503026	0.226714	-5.54323e-08	14.7433	1	0	0	-6.09563e-11	img_UAV1_0_0_1649991503417747500.png
UAV1	1649991503122	0.226714	-5.54323e-08	14.6476	1	0	0	-6.09563e-11	img_UAV1_0_0_1649991503511686500.png
UAV1	1649991503218	0.226714	-5.54323e-08	14.5519	1	0	0	-6.09563e-11	img_UAV1_0_0_1649991503608167400.png
UAV1	1649991503329	0.226714	-5.54323e-08	14.4413	1	0	0	-6.09563e-11	img_UAV1_0_0_1649991503720055200.png
UAV1	1649991503425	0.226714	-5.54323e-08	14.3456	1	0	0	-6.09563e-11	img_UAV1_0_0_1649991503816056500.png
UAV1	1649991503536	0.226714	-5.54323e-08	14.235	1	0	0	-6.09563e-11	img_UAV1_0_0_1649991503928069600.png
UAV1	1649991503629	0.226714	-5.54323e-08	14.1423	1	0	0	-6.09563e-11	img_UAV1_0_0_1649991504023110200.png
UAV1	1649991503740	0.226714	-5.54323e-08	14.0317	1	0	0	-6.09563e-11	img_UAV1_0_0_1649991504134359800.png
UAV1	1649991503836	0.226714	-5.54323e-08	13.936	1	0	0	-6.09563e-11	img_UAV1_0_0_1649991504228889400.png
UAV1	1649991503932	0.226714	-5.54323e-08	13.8404	1	0	0	-6.09563e-11	img_UAV1_0_0_1649991504324504600.png
UAV1	1649991504046	0.226714	-5.54323e-08	13.7268	1	0	0	-6.09563e-11	img_UAV1_0_0_1649991504439991400.png
UAV1	1649991504145	0.226714	-5.54323e-08	13.6281	1	0	0	-6.09563e-11	img_UAV1_0_0_1649991504539396600.png
UAV1	1649991504241	0.226714	-5.54323e-08	13.5324	1	0	0	-6.09563e-11	img_UAV1_0_0_1649991504637787400.png
UAV1	1649991504355	0.226714	-5.54323e-08	13.4188	1	0	0	-6.09563e-11	img_UAV1_0_0_1649991504750018700.png
UAV1	1649991504451	0.226714	-5.54323e-08	13.3231	1	0	0	-6.09563e-11	img_UAV1_0_0_1649991504846667700.png
UAV1	1649991504547	0.226714	-5.54323e-08	13.2275	1	0	0	-6.09563e-11	img_UAV1_0_0_1649991504944423100.png
UAV1	1649991504649	0.226714	-5.54323e-08	13.1258	1	0	0	-6.09563e-11	img_UAV1_0_0_1649991505044696700.png
UAV1	1649991504763	0.226714	-5.54323e-08	13.0152	1	0	0	-6.09563e-11	img_UAV1_0_0_1649991505158779100.png
UAV1	1649991504844	0.226714	-5.54323e-08	12.9315	1	0	0	-6.09563e-11	img_UAV1_0_0_1649991505242602200.png
UAV1	1649991504958	0.226714	-5.54323e-08	12.8179	1	0	0	-6.09563e-11	img_UAV1_0_0_1649991505357038700.png
UAV1	1649991505054	0.226714	-5.54323e-08	12.7222	1	0	0	-6.09563e-11	img_UAV1_0_0_1649991505453948200.png
UAV1	1649991505171	0.226714	-5.54323e-08	12.6056	1	0	0	-6.09563e-11	img_UAV1_0_0_1649991505569132600.png
UAV1	1649991505252	0.226714	-5.54323e-08	12.5249	1	0	0	-6.09563e-11	img_UAV1_0_0_1649991505651496300.png
UAV1	1649991505369	0.226714	-5.54323e-08	12.4083	1	0	0	-6.09563e-11	img_UAV1_0_0_1649991505767110900.png
UAV1	1649991505466	0.226714	-5.54323e-08	12.3126	1	0	0	-6.09563e-11	img_UAV1_0_0_1649991505864527400.png
UAV1	1649991505580	0.226714	-5.54323e-08	12.199	1	0	0	-6.09563e-11	img_UAV1_0_0_1649991505977678900.png
UAV1	1649991505679	0.226714	-5.54323e-08	12.1003	1	0	0	-6.09563e-11	img_UAV1_0_0_1649991506076752700.png
UAV1	1649991505778	0.226714	-5.54323e-08	12.0017	1	0	0	-6.09563e-11	img_UAV1_0_0_1649991506176389700.png
UAV1	1649991505877	0.226714	-5.54323e-08	11.903	1	0	0	-6.09563e-11	img_UAV1_0_0_1649991506276675700.png
UAV1	1649991505979	0.226714	-5.54323e-08	11.8013	1	0	0	-6.09563e-11	img_UAV1_0_0_1649991506377418700.png
UAV1	1649991506078	0.226714	-5.54323e-08	11.7027	1	0	0	-6.09563e-11	img_UAV1_0_0_1649991506478068600.png
UAV1	1649991506177	0.226714	-5.54323e-08	11.604	1	0	0	-6.09563e-11	img_UAV1_0_0_1649991506577028700.png
UAV1	1649991506294	0.226714	-5.54323e-08	11.4874	1	0	0	-6.09563e-11	img_UAV1_0_0_1649991506693525700.png
UAV1	1649991506378	0.226714	-5.54323e-08	11.4037	1	0	0	-6.09563e-11	img_UAV1_0_0_1649991506777535400.png
UAV1	1649991506495	0.226714	-5.54323e-08	11.2871	1	0	0	-6.09563e-11	img_UAV1_0_0_1649991506895184100.png
UAV1	1649991506594	0.226714	-5.54323e-08	11.1884	1	0	0	-6.09563e-11	img_UAV1_0_0_1649991506993744600.png
UAV1	1649991506693	0.226714	-5.54323e-08	11.0898	1	0	0	-6.09563e-11	img_UAV1_0_0_1649991507093202200.png
UAV1	1649991506792	0.226714	-5.54323e-08	10.9911	1	0	0	-6.09563e-11	img_UAV1_0_0_1649991507193042600.png
UAV1	1649991506891	0.226714	-5.54323e-08	10.8924	1	0	0	-6.09563e-11	img_UAV1_0_0_1649991507293941200.png
UAV1	1649991507008	0.226714	-5.54323e-08	10.7758	1	0	0	-6.09563e-11	img_UAV1_0_0_1649991507410389900.png
UAV1	1649991507098	0.226714	-5.54323e-08	10.6862	1	0	0	-6.09563e-11	img_UAV1_0_0_1649991507511829900.png
UAV1	1649991507215	0.226714	-5.54323e-08	10.5696	1	0	0	-6.09563e-11	img_UAV1_0_0_1649991507628343600.png
UAV1	1649991507296	0.226714	-5.54323e-08	10.4888	1	0	0	-6.09563e-11	img_UAV1_0_0_1649991507712083800.png
UAV1	1649991507416	0.226714	-5.54323e-08	10.3692	1	0	0	-6.09563e-11	img_UAV1_0_0_1649991507830099900.png
UAV1	1649991507497	0.226714	-5.54323e-08	10.2885	1	0	0	-6.09563e-11	img_UAV1_0_0_1649991507912874700.png
UAV1	1649991507611	0.226714	-5.54323e-08	10.1749	1	0	0	-6.09563e-11	img_UAV1_0_0_1649991508027548400.png
UAV1	1649991507713	0.226714	-5.54323e-08	10.0733	1	0	0	-6.09563e-11	img_UAV1_0_0_1649991508127441700.png
UAV1	1649991507812	0.226714	-5.54323e-08	9.97459	1	0	0	-6.09563e-11	img_UAV1_0_0_1649991508228484000.png
UAV1	1649991507914	0.226714	-5.54323e-08	9.87294	1	0	0	-6.09563e-11	img_UAV1_0_0_1649991508329033500.png
UAV1	1649991508028	0.226714	-5.54323e-08	9.75933	1	0	0	-6.09563e-11	img_UAV1_0_0_1649991508443634700.png
UAV1	1649991508112	0.226714	-5.54323e-08	9.67561	1	0	0	-6.09563e-11	img_UAV1_0_0_1649991508528492900.png
UAV1	1649991508226	0.226714	-5.54323e-08	9.562	1	0	0	-6.09563e-11	img_UAV1_0_0_1649991508643809600.png
UAV1	1649991508328	0.226714	-5.54323e-08	9.46035	1	0	0	-6.09563e-11	img_UAV1_0_0_1649991508745587900.png
UAV1	1649991508427	0.226714	-5.54323e-08	9.36169	1	0	0	-6.09563e-11	img_UAV1_0_0_1649991508846595500.png
UAV1	1649991508526	0.226714	-5.54323e-08	9.26303	1	0	0	-6.09563e-11	img_UAV1_0_0_1649991508947255000.png
UAV1	1649991508628	0.226714	-5.54323e-08	9.16137	1	0	0	-6.09563e-11	img_UAV1_0_0_1649991509049070700.png
UAV1	1649991508730	0.226714	-5.54323e-08	9.05972	1	0	0	-6.09563e-11	img_UAV1_0_0_1649991509152032900.png
UAV1	1649991508835	0.226714	-5.54323e-08	8.95508	1	0	0	-6.09563e-11	img_UAV1_0_0_1649991509255507500.png
UAV1	1649991508934	0.226714	-5.54323e-08	8.85642	1	0	0	-6.09563e-11	img_UAV1_0_0_1649991509356666300.png
UAV1	1649991509036	0.226714	-5.54323e-08	8.75476	1	0	0	-6.09563e-11	img_UAV1_0_0_1649991509458031500.png
UAV1	1649991509138	0.226714	-5.54323e-08	8.65311	1	0	0	-6.09563e-11	img_UAV1_0_0_1649991509560932100.png
UAV1	1649991509240	0.226714	-5.54323e-08	8.55146	1	0	0	-6.09563e-11	img_UAV1_0_0_1649991509661863500.png
UAV1	1649991509357	0.226714	-5.54323e-08	8.43486	1	0	0	-6.09563e-11	img_UAV1_0_0_1649991509778247400.png
UAV1	1649991509441	0.226714	-5.54323e-08	8.35115	1	0	0	-6.09563e-11	img_UAV1_0_0_1649991509863586200.png
UAV1	1649991509558	0.226714	-5.54323e-08	8.23454	1	0	0	-6.09563e-11	img_UAV1_0_0_1649991509979726200.png
UAV1	1649991509642	0.226714	-5.54323e-08	8.15083	1	0	0	-6.09563e-11	img_UAV1_0_0_1649991510063280000.png
UAV1	1649991509756	0.226714	-5.54323e-08	8.03722	1	0	0	-6.09563e-11	img_UAV1_0_0_1649991510180022500.png
UAV1	1649991509858	0.226714	-5.54323e-08	7.93556	1	0	0	-6.09563e-11	img_UAV1_0_0_1649991510283109800.png
UAV1	1649991509963	0.226714	-5.54323e-08	7.8309	1	0	0	-6.09563e-11	img_UAV1_0_0_1649991510387350900.png
UAV1	1649991510050	0.226714	-5.54323e-08	7.74418	1	0	0	-6.09563e-11	img_UAV1_0_0_1649991510474633800.png
UAV1	1649991510167	0.226714	-5.54323e-08	7.62756	1	0	0	-6.09563e-11	img_UAV1_0_0_1649991510593176400.png
UAV1	1649991510254	0.226714	-5.54323e-08	7.54084	1	0	0	-6.09563e-11	img_UAV1_0_0_1649991510679381300.png
UAV1	1649991510371	0.226714	-5.54323e-08	7.42423	1	0	0	-6.09563e-11	img_UAV1_0_0_1649991510795915100.png
UAV1	1649991510470	0.226714	-5.54323e-08	7.32555	1	0	0	-6.09563e-11	img_UAV1_0_0_1649991510896704900.png
UAV1	1649991510569	0.226714	-5.54323e-08	7.22687	1	0	0	-6.09563e-11	img_UAV1_0_0_1649991510997415000.png
UAV1	1649991510671	0.226714	-5.54323e-08	7.1252	1	0	0	-6.09563e-11	img_UAV1_0_0_1649991511097144200.png
UAV1	1649991510770	0.226714	-5.54323e-08	7.02652	1	0	0	-6.09563e-11	img_UAV1_0_0_1649991511197778300.png
UAV1	1649991510872	0.226714	-5.54323e-08	6.92485	1	0	0	-6.09563e-11	img_UAV1_0_0_1649991511299357200.png
UAV1	1649991510971	0.226714	-5.54323e-08	6.82618	1	0	0	-6.09563e-11	img_UAV1_0_0_1649991511400400700.png
UAV1	1649991511073	0.226714	-5.54323e-08	6.72451	1	0	0	-6.09563e-11	img_UAV1_0_0_1649991511502306800.png
UAV1	1649991511193	0.226714	-5.54323e-08	6.6049	1	0	0	-6.09563e-11	img_UAV1_0_0_1649991511622309600.png
UAV1	1649991511280	0.226714	-5.54323e-08	6.51818	1	0	0	-6.09563e-11	img_UAV1_0_0_1649991511708860600.png
UAV1	1649991511385	0.226714	-5.54323e-08	6.41352	1	0	0	-6.09563e-11	img_UAV1_0_0_1649991511813343200.png
UAV1	1649991511490	0.226714	-5.54323e-08	6.30886	1	0	0	-6.09563e-11	img_UAV1_0_0_1649991511918578300.png
UAV1	1649991511589	0.226714	-5.54323e-08	6.21019	1	0	0	-6.09563e-11	img_UAV1_0_0_1649991512020890500.png
UAV1	1649991511691	0.226714	-5.54323e-08	6.10852	1	0	0	-6.09563e-11	img_UAV1_0_0_1649991512123981800.png
UAV1	1649991511793	0.226714	-5.54323e-08	6.00685	1	0	0	-6.09563e-11	img_UAV1_0_0_1649991512226109800.png
UAV1	1649991511898	0.226714	-5.54323e-08	5.90219	1	0	0	-6.09563e-11	img_UAV1_0_0_1649991512330398700.png
UAV1	1649991512000	0.226714	-5.54323e-08	5.80052	1	0	0	-6.09563e-11	img_UAV1_0_0_1649991512432177400.png
UAV1	1649991512105	0.226714	-5.54323e-08	5.69586	1	0	0	-6.09563e-11	img_UAV1_0_0_1649991512537286500.png
UAV1	1649991512207	0.226714	-5.54323e-08	5.59419	1	0	0	-6.09563e-11	img_UAV1_0_0_1649991512641673100.png
UAV1	1649991512294	0.226714	-5.54323e-08	5.50748	1	0	0	-6.09563e-11	img_UAV1_0_0_1649991512729148700.png
UAV1	1649991512411	0.226714	-5.54323e-08	5.39086	1	0	0	-6.09563e-11	img_UAV1_0_0_1649991512846571200.png
UAV1	1649991512498	0.226714	-5.54323e-08	5.30414	1	0	0	-6.09563e-11	img_UAV1_0_0_1649991512933086600.png
UAV1	1649991512615	0.226714	-5.54323e-08	5.18752	1	0	0	-6.09563e-11	img_UAV1_0_0_1649991513051138100.png
UAV1	1649991512702	0.226714	-5.54323e-08	5.1008	1	0	0	-6.09563e-11	img_UAV1_0_0_1649991513138821000.png
UAV1	1649991512822	0.226714	-5.54323e-08	4.98119	1	0	0	-6.09563e-11	img_UAV1_0_0_1649991513259048900.png
UAV1	1649991512909	0.226714	-5.54323e-08	4.89448	1	0	0	-6.09563e-11	img_UAV1_0_0_1649991513345936900.png
UAV1	1649991513029	0.226714	-5.54323e-08	4.77487	1	0	0	-6.09563e-11	img_UAV1_0_0_1649991513463920500.png
UAV1	1649991513113	0.226714	-5.54323e-08	4.69114	1	0	0	-6.09563e-11	img_UAV1_0_0_1649991513549956200.png
UAV1	1649991513236	0.226714	-5.54323e-08	4.56854	1	0	0	-6.09563e-11	img_UAV1_0_0_1649991513671258600.png
UAV1	1649991513323	0.226714	-5.54323e-08	4.48182	1	0	0	-6.09563e-11	img_UAV1_0_0_1649991513759324100.png
UAV1	1649991513425	0.226714	-5.54323e-08	4.38016	1	0	0	-6.09563e-11	img_UAV1_0_0_1649991513862590600.png
UAV1	1649991513527	0.226714	-5.54323e-08	4.27849	1	0	0	-6.09563e-11	img_UAV1_0_0_1649991513963518000.png
UAV1	1649991513629	0.226714	-5.54323e-08	4.17682	1	0	0	-6.09563e-11	img_UAV1_0_0_1649991514064640400.png
UAV1	1649991513731	0.226714	-5.54323e-08	4.07515	1	0	0	-6.09563e-11	img_UAV1_0_0_1649991514167415300.png
UAV1	1649991513836	0.226714	-5.54323e-08	3.97049	1	0	0	-6.09563e-11	img_UAV1_0_0_1649991514272268400.png
UAV1	1649991513938	0.226714	-5.54323e-08	3.86883	1	0	0	-6.09563e-11	img_UAV1_0_0_1649991514376846200.png
UAV1	1649991514043	0.226714	-5.54323e-08	3.76418	1	0	0	-6.09563e-11	img_UAV1_0_0_1649991514480446800.png
UAV1	1649991514133	0.226714	-5.54323e-08	3.67448	1	0	0	-6.09563e-11	img_UAV1_0_0_1649991514569333800.png
UAV1	1649991514253	0.226714	-5.54323e-08	3.55488	1	0	0	-6.09563e-11	img_UAV1_0_0_1649991514691646900.png
UAV1	1649991514340	0.226714	-5.54323e-08	3.46817	1	0	0	-6.09563e-11	img_UAV1_0_0_1649991514778835800.png
UAV1	1649991514445	0.226714	-5.54323e-08	3.36352	1	0	0	-6.09563e-11	img_UAV1_0_0_1649991514882935800.png
UAV1	1649991514550	0.226714	-5.54323e-08	3.25887	1	0	0	-6.09563e-11	img_UAV1_0_0_1649991514988259000.png
UAV1	1649991514652	0.226714	-5.54323e-08	3.15721	1	0	0	-6.09563e-11	img_UAV1_0_0_1649991515091404100.png
UAV1	1649991514757	0.226714	-5.54323e-08	3.05256	1	0	0	-6.09563e-11	img_UAV1_0_0_1649991515196721700.png
UAV1	1649991514847	0.226714	-5.54323e-08	2.96286	1	0	0	-6.09563e-11	img_UAV1_0_0_1649991515286396300.png
UAV1	1649991514952	0.226714	-5.54323e-08	2.85821	1	0	0	-6.09563e-11	img_UAV1_0_0_1649991515390669300.png
UAV1	1649991515057	0.226714	-5.54323e-08	2.75356	1	0	0	-6.09563e-11	img_UAV1_0_0_1649991515495526300.png
UAV1	1649991515156	0.226714	-5.54323e-08	2.65489	1	0	0	-6.09563e-11	img_UAV1_0_0_1649991515596539000.png
UAV1	1649991515258	0.226714	-5.54323e-08	2.55323	1	0	0	-6.09563e-11	img_UAV1_0_0_1649991515700198300.png
UAV1	1649991515375	0.226714	-5.54323e-08	2.43662	1	0	0	-6.09563e-11	img_UAV1_0_0_1649991515819270400.png
UAV1	1649991515462	0.226714	-5.54323e-08	2.34991	1	0	0	-6.09563e-11	img_UAV1_0_0_1649991515905857700.png
UAV1	1649991515567	0.226714	-5.54323e-08	2.24526	1	0	0	-6.09563e-11	img_UAV1_0_0_1649991516011930300.png
UAV1	1649991515672	0.226714	-5.54323e-08	2.14061	1	0	0	-6.09563e-11	img_UAV1_0_0_1649991516114480400.png
UAV1	1649991515774	0.226714	-5.54323e-08	2.03895	1	0	0	-6.09563e-11	img_UAV1_0_0_1649991516220623000.png
UAV1	1649991515864	0.226714	-5.54323e-08	1.94925	1	0	0	-6.09563e-11	img_UAV1_0_0_1649991516308204700.png
UAV1	1649991515987	0.226714	-5.54323e-08	1.82665	1	0	0	-6.09563e-11	img_UAV1_0_0_1649991516430974800.png
UAV1	1649991516089	0.226714	-5.54323e-08	1.72499	1	0	0	-6.09563e-11	img_UAV1_0_0_1649991516536025500.png
UAV1	1649991516179	0.226714	-5.54323e-08	1.63528	1	0	0	-6.09563e-11	img_UAV1_0_0_1649991516626408600.png
UAV1	1649991516284	0.226714	-5.54323e-08	1.53063	1	0	0	-6.09563e-11	img_UAV1_0_0_1649991516730234100.png
UAV1	1649991516383	0.226714	-5.54323e-08	1.43195	1	0	0	-6.09563e-11	img_UAV1_0_0_1649991516831792400.png
UAV1	1649991516488	0.226714	-5.54323e-08	1.3273	1	0	0	-6.09563e-11	img_UAV1_0_0_1649991516936064700.png
UAV1	1649991516593	0.226714	-5.54323e-08	1.22265	1	0	0	-6.09563e-11	img_UAV1_0_0_1649991517042034300.png
UAV1	1649991516683	0.226714	-5.54323e-08	1.13294	1	0	0	-6.09563e-11	img_UAV1_0_0_1649991517130388300.png
UAV1	1649991516803	0.226714	-5.54323e-08	1.01334	1	0	0	-6.09563e-11	img_UAV1_0_0_1649991517252041000.png
UAV1	1649991516893	0.226714	-5.54323e-08	0.923635	1	0	0	-6.09563e-11	img_UAV1_0_0_1649991517340655100.png
UAV1	1649991516998	0.226714	-5.54323e-08	0.818983	1	0	0	-6.09563e-11	img_UAV1_0_0_1649991517447207200.png
UAV1	1649991517106	0.226714	-5.54323e-08	0.71134	1	0	0	-6.09563e-11	img_UAV1_0_0_1649991517554039400.png
UAV1	1649991517193	0.226714	-5.54323e-08	0.624628	1	0	0	-6.09563e-11	img_UAV1_0_0_1649991517641469400.png
UAV1	1649991517316	0.226714	-5.54323e-08	0.502035	1	0	0	-6.09563e-11	img_UAV1_0_0_1649991517764353400.png
UAV1	1649991517403	0.226714	-5.54323e-08	0.415323	1	0	0	-6.09563e-11	img_UAV1_0_0_1649991517851661500.png
UAV1	1649991517508	0.226714	-5.54323e-08	0.310671	1	0	0	-6.09563e-11	img_UAV1_0_0_1649991517956975300.png
UAV1	1649991517610	0.226714	-5.54323e-08	0.209009	1	0	0	-6.09563e-11	img_UAV1_0_0_1649991518061096200.png
UAV1	1649991517715	0.226714	-5.54323e-08	0.104356	1	0	0	-6.09563e-11	img_UAV1_0_0_1649991518163828900.png
UAV1	1649991517817	0.226714	-5.54323e-08	0.00269309	1	0	0	-6.09563e-11	img_UAV1_0_0_1649991518267905100.png
UAV1	1649991517907	0.226714	-5.54323e-08	-0.0870092	1	0	0	-6.09563e-11	img_UAV1_0_0_1649991518356735100.png
UAV1	1649991518030	0.226714	-5.54323e-08	-0.209602	1	0	0	-6.09563e-11	img_UAV1_0_0_1649991518479587500.png
UAV1	1649991518117	0.226714	-5.54323e-08	-0.296315	1	0	0	-6.09563e-11	img_UAV1_0_0_1649991518567361200.png
UAV1	1649991518222	0.226714	-5.54323e-08	-0.400967	1	0	0	-6.09563e-11	img_UAV1_0_0_1649991518672729400.png
UAV1	1649991518330	0.226714	-5.54323e-08	-0.508609	1	0	0	-6.09563e-11	img_UAV1_0_0_1649991518779780500.png
UAV1	1649991518420	0.226714	-5.54323e-08	-0.598311	1	0	0	-6.09563e-11	img_UAV1_0_0_1649991518870347200.png
UAV1	1649991518525	0.226714	-5.54323e-08	-0.702964	1	0	0	-6.09563e-11	img_UAV1_0_0_1649991518976900800.png
UAV1	1649991518630	0.226714	-5.54323e-08	-0.807616	1	0	0	-6.09563e-11	img_UAV1_0_0_1649991519080809100.png
UAV1	1649991518735	0.226714	-5.54323e-08	-0.912268	1	0	0	-6.09563e-11	img_UAV1_0_0_1649991519186828600.png
UAV1	1649991518822	0.226714	-5.54323e-08	-0.99898	1	0	0	-6.09563e-11	img_UAV1_0_0_1649991519274284900.png
UAV1	1649991518945	0.226714	-5.54323e-08	-1.12158	1	0	0	-6.09563e-11	img_UAV1_0_0_1649991519397528500.png
UAV1	1649991519032	0.226714	-5.54323e-08	-1.20829	1	0	0	-6.09563e-11	img_UAV1_0_0_1649991519484597000.png
UAV1	1649991519137	0.226714	-5.54323e-08	-1.31294	1	0	0	-6.09563e-11	img_UAV1_0_0_1649991519588897900.png
UAV1	1649991519239	0.226714	-5.54323e-08	-1.41461	1	0	0	-6.09563e-11	img_UAV1_0_0_1649991519692850500.png
UAV1	1649991519344	0.226714	-5.54323e-08	-1.51926	1	0	0	-6.09563e-11	img_UAV1_0_0_1649991519797139100.png
UAV1	1649991519449	0.226714	-5.54323e-08	-1.60207	1	0	0	-6.09563e-11	img_UAV1_0_0_1649991519901537600.png
UAV1	1649991519554	0.226714	-5.54323e-08	-1.63141	1	0	0	-6.09563e-11	img_UAV1_0_0_1649991520007417600.png
UAV1	1649991519662	0.227112	-5.54324e-08	-1.62971	0.998329	-2.35568e-12	-0.0577927	-4.79224e-11	img_UAV1_0_0_1649991520113889600.png
UAV1	1649991519752	0.239919	-5.54337e-08	-1.65603	0.987485	-1.08279e-11	-0.157714	-1.17321e-10	img_UAV1_0_0_1649991520205478000.png
UAV1	1649991519854	0.285015	-5.54407e-08	-1.68925	0.975502	-3.41018e-11	-0.21999	-5.07175e-11	img_UAV1_0_0_1649991520309971800.png
UAV1	1649991519956	0.366827	-5.54552e-08	-1.69971	0.968024	-3.64746e-11	-0.250857	-5.78133e-11	img_UAV1_0_0_1649991520409288300.png
UAV1	1649991520052	0.480598	-5.54765e-08	-1.68338	0.964076	-3.5932e-11	-0.265627	-7.89147e-11	img_UAV1_0_0_1649991520507370100.png
UAV1	1649991520163	0.660464	-5.55116e-08	-1.63327	0.961691	-5.52666e-11	-0.274134	-2.7342e-11	img_UAV1_0_0_1649991520617892000.png
UAV1	1649991520256	0.853835	-5.55508e-08	-1.56767	0.960673	-7.03587e-11	-0.277681	1.41666e-11	img_UAV1_0_0_1649991520711521900.png
UAV1	1649991520367	1.13856	-5.56106e-08	-1.46486	0.962038	-7.9597e-11	-0.272916	3.29118e-11	img_UAV1_0_0_1649991520821545900.png
UAV1	1649991520460	1.42524	-5.56733e-08	-1.36467	0.965388	-1.32718e-10	-0.260817	1.96163e-10	img_UAV1_0_0_1649991520914570600.png
UAV1	1649991520568	1.81594	-5.57648e-08	-1.24297	0.96963	-1.93983e-10	-0.244576	3.67767e-10	img_UAV1_0_0_1649991521024064900.png
UAV1	1649991520661	2.20207	-5.5865e-08	-1.14025	0.973114	-2.76645e-10	-0.230322	6.06803e-10	img_UAV1_0_0_1649991521117318800.png
UAV1	1649991520772	2.72108	-5.60217e-08	-1.02611	0.976913	-4.16099e-10	-0.213637	1.0226e-09	img_UAV1_0_0_1649991521228339300.png
UAV1	1649991520868	3.21832	-5.62046e-08	-0.938232	0.979861	-5.75023e-10	-0.199681	1.4982e-09	img_UAV1_0_0_1649991521325387600.png
UAV1	1649991520985	3.88066	-5.65161e-08	-0.847687	0.983042	-8.03025e-10	-0.183379	2.153e-09	img_UAV1_0_0_1649991521440906500.png
UAV1	1649991521069	4.39143	-5.68244e-08	-0.794933	0.985063	-9.52334e-10	-0.172197	2.49216e-09	img_UAV1_0_0_1649991521527185400.png
UAV1	1649991521189	5.16751	-5.7433e-08	-0.737901	0.987594	-1.1202e-09	-0.157032	2.67568e-09	img_UAV1_0_0_1649991521646140300.png
UAV1	1649991521273	5.7403	-5.80061e-08	-0.710644	0.989135	-1.23328e-09	-0.147012	2.7688e-09	img_UAV1_0_0_1649991521730259300.png
UAV1	1649991521393	6.59618	-5.9081e-08	-0.688867	0.991038	-1.38215e-09	-0.133581	2.82298e-09	img_UAV1_0_0_1649991521850013500.png
UAV1	1649991521483	7.26408	-6.01155e-08	-0.684775	0.992256	-1.50164e-09	-0.124209	2.92381e-09	img_UAV1_0_0_1649991521939957900.png
UAV1	1649991521591	8.09147	-6.16516e-08	-0.692188	0.993508	-1.674e-09	-0.113766	3.26772e-09	img_UAV1_0_0_1649991522047171400.png
UAV1	1649991521681	8.80013	-6.32051e-08	-0.707345	0.994395	-1.84506e-09	-0.105733	3.74456e-09	img_UAV1_0_0_1649991522137918900.png
UAV1	1649991521786	9.64625	-6.53681e-08	-0.733714	0.995273	-2.02226e-09	-0.0971204	4.05117e-09	img_UAV1_0_0_1649991522244017600.png
UAV1	1649991521894	10.5356	-6.80276e-08	-0.768764	0.996023	-2.2069e-09	-0.0890937	4.37447e-09	img_UAV1_0_0_1649991522350868800.png
UAV1	1649991521999	11.4163	-7.10766e-08	-0.808749	0.996627	-2.38294e-09	-0.082066	4.64246e-09	img_UAV1_0_0_1649991522457068200.png
UAV1	1649991522089	12.1821	-7.4084e-08	-0.846408	0.99706	-2.53019e-09	-0.0766208	4.83083e-09	img_UAV1_0_0_1649991522546171600.png
UAV1	1649991522212	13.2429	-7.88285e-08	-0.901171	0.997548	-2.74189e-09	-0.0699869	5.22546e-09	img_UAV1_0_0_1649991522670441000.png
UAV1	1649991522302	14.0281	-8.27974e-08	-0.942576	0.997841	-2.9088e-09	-0.0656817	5.67391e-09	img_UAV1_0_0_1649991522759480100.png
UAV1	1649991522404	14.926	-8.78404e-08	-0.989889	0.998118	-3.09625e-09	-0.0613164	6.1376e-09	img_UAV1_0_0_1649991522864566800.png
UAV1	1649991522506	15.8313	-9.34996e-08	-1.03681	0.998348	-3.27497e-09	-0.0574498	6.45496e-09	img_UAV1_0_0_1649991522968339400.png
UAV1	1649991522614	16.7968	-1.00205e-07	-1.08533	0.998549	-3.45009e-09	-0.0538461	6.57587e-09	img_UAV1_0_0_1649991523074459400.png
UAV1	1649991522704	17.6061	-1.06384e-07	-1.1244	0.998689	-3.59384e-09	-0.0511892	6.67392e-09	img_UAV1_0_0_1649991523164259700.png
UAV1	1649991522812	18.5823	-1.14543e-07	-1.16926	0.998829	-3.77083e-09	-0.0483717	6.9066e-09	img_UAV1_0_0_1649991523274881000.png
UAV1	1649991522917	19.5359	-1.23293e-07	-1.21047	0.998943	-3.94848e-09	-0.0459773	7.27113e-09	img_UAV1_0_0_1649991523380636700.png
UAV1	1649991523007	20.3564	-1.31466e-07	-1.24377	0.999024	-4.10443e-09	-0.0441644	7.66891e-09	img_UAV1_0_0_1649991523469846300.png
UAV1	1649991523130	21.4817	-1.43692e-07	-1.28612	0.999118	-4.32233e-09	-0.0420007	8.3292e-09	img_UAV1_0_0_1649991523592285900.png
UAV1	1649991523217	22.2802	-1.53111e-07	-1.31387	0.999173	-4.4763e-09	-0.0406631	8.78997e-09	img_UAV1_0_0_1649991523680476100.png
UAV1	1649991523322	23.2461	-1.65371e-07	-1.34495	0.99923	-4.66683e-09	-0.0392351	9.46563e-09	img_UAV1_0_0_1649991523787544900.png
UAV1	1649991523427	24.2144	-1.78651e-07	-1.37347	0.999278	-4.85668e-09	-0.0379863	1.0128e-08	img_UAV1_0_0_1649991523890987400.png
UAV1	1649991523514	25.0182	-1.9046e-07	-1.39523	0.999313	-5.01701e-09	-0.0370712	1.07537e-08	img_UAV1_0_0_1649991523979191000.png
UAV1	1649991523640	26.1566	-2.08458e-07	-1.42327	0.999354	-5.23917e-09	-0.0359388	1.15217e-08	img_UAV1_0_0_1649991524103258700.png
UAV1	1649991523727	26.9909	-2.22633e-07	-1.44187	0.99938	-3.8013e-09	-0.0352152	1.20075e-08	img_UAV1_0_0_1649991524191393400.png
UAV1	1649991523832	27.9655	-2.39751e-07	-1.46167	0.999406	3.67872e-09	-0.0344689	1.26236e-08	img_UAV1_0_0_1649991524296238800.png
UAV1	1649991523931	28.8855	-2.55305e-07	-1.47859	0.999427	6.80792e-09	-0.0338503	1.29048e-08	img_UAV1_0_0_1649991524396397800.png
UAV1	1649991524033	29.8344	-2.70058e-07	-1.49438	0.999446	1.00334e-08	-0.0332886	1.31768e-08	img_UAV1_0_0_1649991524498031000.png
UAV1	1649991524135	30.7841	-2.831e-07	-1.50865	0.999462	5.43455e-09	-0.0327943	1.34039e-08	img_UAV1_0_0_1649991524601024000.png
UAV1	1649991524237	31.7345	-2.95063e-07	-1.52152	0.999476	4.82391e-09	-0.0323592	1.37901e-08	img_UAV1_0_0_1649991524702272600.png
UAV1	1649991524339	32.6856	-3.06122e-07	-1.53311	0.999489	5.33004e-09	-0.031976	1.42277e-08	img_UAV1_0_0_1649991524805480200.png
UAV1	1649991524441	33.6373	-3.16017e-07	-1.54354	0.999499	7.65933e-09	-0.0316384	1.50977e-08	img_UAV1_0_0_1649991524908303200.png
UAV1	1649991524543	34.5896	-3.24613e-07	-1.55292	0.999509	3.39953e-09	-0.0313409	1.5997e-08	img_UAV1_0_0_1649991525010946000.png
UAV1	1649991524645	35.5422	-3.32581e-07	-1.56134	0.999517	1.04953e-09	-0.0310786	1.71121e-08	img_UAV1_0_0_1649991525113783400.png
UAV1	1649991524750	36.5234	-3.40515e-07	-1.56911	0.999524	5.36564e-09	-0.030841	1.87744e-08	img_UAV1_0_0_1649991525217769400.png
UAV1	1649991524852	37.4768	-3.47521e-07	-1.57587	0.999531	3.72265e-09	-0.0306377	2.0259e-08	img_UAV1_0_0_1649991525323976400.png
UAV1	1649991524954	38.4305	-3.53994e-07	-1.58193	0.999536	2.16185e-09	-0.0304584	2.16655e-08	img_UAV1_0_0_1649991525424618300.png
UAV1	1649991525056	39.3846	-3.60142e-07	-1.58736	0.999541	6.02597e-10	-0.0303002	2.30215e-08	img_UAV1_0_0_1649991525528755100.png
UAV1	1649991525155	40.3108	-3.66104e-07	-1.59209	0.999545	-9.08356e-10	-0.0301644	2.42591e-08	img_UAV1_0_0_1649991525627651700.png
UAV1	1649991525257	41.2652	-3.72558e-07	-1.59646	0.999549	-2.46747e-09	-0.0300406	2.56151e-08	img_UAV1_0_0_1649991525728320600.png
UAV1	1649991525359	42.2199	-3.79651e-07	-1.60038	0.999552	-4.02739e-09	-0.0299314	2.69994e-08	img_UAV1_0_0_1649991525832734000.png
UAV1	1649991525458	43.1466	-3.87454e-07	-1.60378	0.999555	-5.5374e-09	-0.0298376	2.82114e-08	img_UAV1_0_0_1649991525931820300.png
UAV1	1649991525557	44.0735	-3.96462e-07	-1.60684	0.999557	-7.04935e-09	-0.0297545	2.94915e-08	img_UAV1_0_0_1649991526030247400.png
UAV1	1649991525671	45.141	-4.08714e-07	-1.60998	0.99956	-8.79529e-09	-0.0296703	3.11337e-08	img_UAV1_0_0_1649991526146255400.png
UAV1	1649991525770	46.0681	-4.21297e-07	-1.6124	0.999562	-5.68759e-09	-0.0296061	3.28152e-08	img_UAV1_0_0_1649991526245629300.png
UAV1	1649991525869	46.9953	-4.35142e-07	-1.61458	0.999563	2.66729e-09	-0.0295491	3.46029e-08	img_UAV1_0_0_1649991526346106200.png
UAV1	1649991525971	47.9507	-4.4932e-07	-1.61659	0.999565	4.68562e-09	-0.0294972	3.5838e-08	img_UAV1_0_0_1649991526446320300.png
UAV1	1649991526070	48.8781	-4.62453e-07	-1.61834	0.999566	4.50349e-09	-0.0294526	3.67155e-08	img_UAV1_0_0_1649991526545910400.png
UAV1	1649991526169	49.8055	-4.74923e-07	-1.6199	0.999567	4.32292e-09	-0.029413	3.75437e-08	img_UAV1_0_0_1649991526646527400.png
UAV1	1649991526268	50.7331	-4.86771e-07	-1.62131	0.999568	4.14111e-09	-0.0293779	3.84177e-08	img_UAV1_0_0_1649991526744913100.png
UAV1	1649991526382	51.8011	-4.99694e-07	-1.62276	0.999569	3.93466e-09	-0.0293424	3.933e-08	img_UAV1_0_0_1649991526858826900.png
UAV1	1649991526481	52.7287	-5.10336e-07	-1.62387	0.99957	3.7548e-09	-0.0293153	4.01453e-08	img_UAV1_0_0_1649991526957828100.png
UAV1	1649991526580	53.6564	-5.20478e-07	-1.62488	0.999571	3.56737e-09	-0.0292913	4.12211e-08	img_UAV1_0_0_1649991527056847300.png
UAV1	1649991526679	54.584	-5.30164e-07	-1.62578	0.999572	3.37983e-09	-0.02927	4.23027e-08	img_UAV1_0_0_1649991527157824600.png
UAV1	1649991526778	55.5118	-5.39434e-07	-1.62659	0.999572	3.19793e-09	-0.0292511	4.31943e-08	img_UAV1_0_0_1649991527258713500.png
UAV1	1649991526889	56.552	-5.49385e-07	-1.6274	0.999573	2.99087e-09	-0.0292324	4.43026e-08	img_UAV1_0_0_1649991527370712500.png
UAV1	1649991526991	57.5079	-5.58163e-07	-1.62806	0.999573	2.7952e-09	-0.0292173	4.55073e-08	img_UAV1_0_0_1649991527470958100.png
UAV1	1649991527090	58.4356	-5.66394e-07	-1.62863	0.999573	2.5996e-09	-0.0292043	4.68729e-08	img_UAV1_0_0_1649991527570457000.png
UAV1	1649991527201	59.4759	-5.7534e-07	-1.62921	0.999574	2.3802e-09	-0.0291914	4.84083e-08	img_UAV1_0_0_1649991527683196000.png
UAV1	1649991527297	60.3755	-5.82883e-07	-1.62966	0.999574	2.18746e-09	-0.0291817	4.98398e-08	img_UAV1_0_0_1649991527779329200.png
UAV1	1649991527396	61.3034	-5.90522e-07	-1.63007	0.999574	1.98908e-09	-0.0291727	5.13039e-08	img_UAV1_0_0_1649991527876885500.png
UAV1	1649991527507	62.3438	-5.98973e-07	-1.63049	0.999575	1.76489e-09	-0.0291639	5.30072e-08	img_UAV1_0_0_1649991527989280500.png
UAV1	1649991527603	63.2435	-6.06234e-07	-1.63081	0.999575	1.57134e-09	-0.0291571	5.44691e-08	img_UAV1_0_0_1649991528084574200.png
UAV1	1649991527714	64.2515	-6.11847e-07	-1.64352	0.995585	5.31178e-08	0.0938651	5.79575e-08	img_UAV1_0_0_1649991528194409400.png
UAV1	1649991527804	65.0897	-6.0487e-07	-1.70451	0.983106	6.44887e-08	0.183035	6.06114e-08	img_UAV1_0_0_1649991528286788900.png
UAV1	1649991527909	65.97	-5.79927e-07	-1.83166	0.972349	5.90132e-08	0.233532	6.47524e-08	img_UAV1_0_0_1649991528391835100.png
UAV1	1649991527999	66.6551	-5.4609e-07	-1.98622	0.966786	5.4435e-08	0.255588	6.72333e-08	img_UAV1_0_0_1649991528480975600.png
UAV1	1649991528113	67.4227	-4.89987e-07	-2.23638	0.962956	5.10233e-08	0.269659	6.92128e-08	img_UAV1_0_0_1649991528594849400.png
UAV1	1649991528200	67.9311	-4.3854e-07	-2.46499	0.961435	4.87916e-08	0.275032	7.04384e-08	img_UAV1_0_0_1649991528683618200.png
UAV1	1649991528314	68.5117	-3.62896e-07	-2.78449	0.960398	4.33624e-08	0.278633	7.26286e-08	img_UAV1_0_0_1649991528797491800.png
UAV1	1649991528413	68.9764	-2.94398e-07	-3.01702	0.959958	3.85453e-08	0.280145	7.454e-08	img_UAV1_0_0_1649991528896072100.png
UAV1	1649991528509	69.4002	-2.26688e-07	-3.19015	0.959736	3.46716e-08	0.280903	7.59648e-08	img_UAV1_0_0_1649991528992544200.png
UAV1	1649991528620	69.8546	-1.47157e-07	-3.33051	0.959608	3.03353e-08	0.281341	7.75305e-08	img_UAV1_0_0_1649991529104078500.png
UAV1	1649991528719	70.2241	-7.53769e-08	-3.40763	0.959552	2.78651e-08	0.281532	7.84293e-08	img_UAV1_0_0_1649991529203252500.png
UAV1	1649991528815	70.5471	-5.21795e-09	-3.44431	0.959524	2.6481e-08	0.281628	7.90309e-08	img_UAV1_0_0_1649991529300993900.png
UAV1	1649991528923	70.8658	7.41258e-08	-3.44615	0.959508	2.37328e-08	0.281682	8.00078e-08	img_UAV1_0_0_1649991529409725000.png
UAV1	1649991529025	71.1205	1.49105e-07	-3.41425	0.9595	2.17991e-08	0.281707	8.07013e-08	img_UAV1_0_0_1649991529508969100.png
UAV1	1649991529124	71.3224	2.21488e-07	-3.3559	0.959497	1.87008e-08	0.28172	8.17441e-08	img_UAV1_0_0_1649991529608775000.png
UAV1	1649991529223	71.4777	2.93088e-07	-3.27379	0.959495	1.6415e-08	0.281726	8.22939e-08	img_UAV1_0_0_1649991529708305300.png
UAV1	1649991529322	71.5847	3.63384e-07	-3.17072	0.959494	1.44971e-08	0.281729	8.23955e-08	img_UAV1_0_0_1649991529808024300.png
UAV1	1649991529436	71.646	4.42081e-07	-3.02927	0.959494	1.18148e-08	0.281731	8.23795e-08	img_UAV1_0_0_1649991529920714200.png
UAV1	1649991529535	71.6439	5.07925e-07	-2.8891	0.959493	9.46879e-09	0.281732	8.21559e-08	img_UAV1_0_0_1649991530022372700.png
UAV1	1649991529634	71.5891	5.7093e-07	-2.73483	0.959493	6.94762e-09	0.281732	8.21147e-08	img_UAV1_0_0_1649991530119654900.png
UAV1	1649991529733	71.4808	6.30716e-07	-2.56818	0.959493	3.4266e-09	0.281732	8.24221e-08	img_UAV1_0_0_1649991530221577200.png
UAV1	1649991529832	71.318	6.86766e-07	-2.39069	0.959885	1.97597e-09	0.280393	8.19515e-08	img_UAV1_0_0_1649991530319853100.png
UAV1	1649991529940	71.0772	7.43028e-07	-2.18788	0.963257	2.62792e-09	0.268582	8.10235e-08	img_UAV1_0_0_1649991530426707900.png
UAV1	1649991530042	70.7878	7.91348e-07	-1.995	0.96716	1.30374e-09	0.254169	8.08315e-08	img_UAV1_0_0_1649991530530208200.png
UAV1	1649991530141	70.4494	8.33915e-07	-1.81355	0.970859	2.34861e-09	0.239653	8.01255e-08	img_UAV1_0_0_1649991530630548500.png
UAV1	1649991530240	70.056	8.72547e-07	-1.64277	0.974297	3.76745e-09	0.22527	7.92236e-08	img_UAV1_0_0_1649991530729272300.png
UAV1	1649991530348	69.567	9.10733e-07	-1.47269	0.977709	1.1636e-09	0.209964	7.90072e-08	img_UAV1_0_0_1649991530835822800.png
UAV1	1649991530438	69.1146	9.39345e-07	-1.34599	0.980285	-1.06552e-09	0.197592	7.88025e-08	img_UAV1_0_0_1649991530927340700.png
UAV1	1649991530540	68.5561	9.68116e-07	-1.22032	0.982918	1.97225e-09	0.184043	7.74067e-08	img_UAV1_0_0_1649991531028923600.png
UAV1	1649991530651	67.8973	9.95837e-07	-1.10595	0.985457	1.06342e-09	0.169925	7.69234e-08	img_UAV1_0_0_1649991531139481000.png
UAV1	1649991530747	67.2884	1.01711e-06	-1.0258	0.987394	3.68363e-10	0.158283	7.62741e-08	img_UAV1_0_0_1649991531237592400.png
UAV1	1649991530846	66.6263	1.03665e-06	-0.960806	0.989157	-1.62203e-09	0.146865	7.56489e-08	img_UAV1_0_0_1649991531336905400.png
UAV1	1649991530957	65.8466	1.05578e-06	-0.908013	0.990871	3.19703e-09	0.134811	7.36546e-08	img_UAV1_0_0_1649991531445906200.png
UAV1	1649991531053	65.144	1.071e-06	-0.878101	0.992151	9.69011e-10	0.125049	7.26986e-08	img_UAV1_0_0_1649991531544193000.png
UAV1	1649991531149	64.4181	1.08498e-06	-0.861326	0.993259	1.31081e-10	0.115917	7.13646e-08	img_UAV1_0_0_1649991531641805400.png
UAV1	1649991531257	63.5767	1.09913e-06	-0.856272	0.994323	-1.17222e-09	0.106406	6.98354e-08	img_UAV1_0_0_1649991531750472400.png
UAV1	1649991531353	62.8095	1.11037e-06	-0.862335	0.995124	-2.40029e-09	0.0986281	6.85003e-08	img_UAV1_0_0_1649991531847895700.png
UAV1	1649991531464	61.9026	1.12173e-06	-0.879621	0.995904	-3.89526e-09	0.0904141	6.69974e-08	img_UAV1_0_0_1649991531958639400.png
UAV1	1649991531566	61.0529	1.13049e-06	-0.903342	0.996501	-4.20067e-09	0.0835814	6.55747e-08	img_UAV1_0_0_1649991532060299900.png
UAV1	1649991531671	60.164	1.13807e-06	-0.933799	0.997013	1.22406e-09	0.077232	6.3733e-08	img_UAV1_0_0_1649991532164618900.png
UAV1	1649991531773	59.2884	1.14509e-06	-0.967709	0.997427	1.6474e-09	0.0716924	6.26261e-08	img_UAV1_0_0_1649991532268567700.png
UAV1	1649991531881	58.3502	1.15258e-06	-1.00676	0.997789	1.66061e-09	0.0664571	6.18514e-08	img_UAV1_0_0_1649991532377358600.png
UAV1	1649991531980	57.4815	1.15943e-06	-1.04426	0.998065	4.91425e-10	0.0621844	6.14197e-08	img_UAV1_0_0_1649991532474550300.png
UAV1	1649991532079	56.6054	1.16613e-06	-1.08247	0.998295	-1.07769e-09	0.0583734	6.08652e-08	img_UAV1_0_0_1649991532574877200.png
UAV1	1649991532184	55.6694	1.17292e-06	-1.12296	0.998498	-2.79646e-09	0.0547907	5.99269e-08	img_UAV1_0_0_1649991532679905200.png
UAV1	1649991532292	54.7001	1.17925e-06	-1.16384	0.99867	-4.60634e-09	0.0515499	5.88214e-08	img_UAV1_0_0_1649991532787364000.png
UAV1	1649991532400	53.7252	1.18456e-06	-1.20338	0.998813	-6.44386e-09	0.0487111	5.77714e-08	img_UAV1_0_0_1649991532895700000.png
UAV1	1649991532508	52.7454	1.18851e-06	-1.24113	0.998931	-8.29775e-09	0.0462282	5.69115e-08	img_UAV1_0_0_1649991533004523300.png
UAV1	1649991532601	51.8983	1.19053e-06	-1.272	0.999016	-9.90643e-09	0.0443432	5.6285e-08	img_UAV1_0_0_1649991533098535500.png
UAV1	1649991532712	50.8836	1.19098e-06	-1.30666	0.999102	-5.63435e-09	0.0423641	5.54919e-08	img_UAV1_0_0_1649991533208366900.png
UAV1	1649991532793	50.141	1.19046e-06	-1.3304	0.999156	4.85066e-10	0.0410853	5.48067e-08	img_UAV1_0_0_1649991533291561400.png
UAV1	1649991532904	49.1207	1.18998e-06	-1.36077	0.999218	3.66906e-09	0.0395328	5.39496e-08	img_UAV1_0_0_1649991533402667900.png
UAV1	1649991533015	48.0978	1.19057e-06	-1.38866	0.999271	6.11694e-09	0.0381838	5.29884e-08	img_UAV1_0_0_1649991533512802400.png
UAV1	1649991533111	47.2112	1.19233e-06	-1.41084	0.999309	2.85727e-09	0.0371607	5.22676e-08	img_UAV1_0_0_1649991533609649300.png
UAV1	1649991533210	46.2954	1.19488e-06	-1.4319	0.999344	-8.68632e-10	0.036228	5.13941e-08	img_UAV1_0_0_1649991533709513500.png
UAV1	1649991533327	45.2113	1.19819e-06	-1.45452	0.999378	3.22681e-09	0.0352659	5.00668e-08	img_UAV1_0_0_1649991533826089400.png
UAV1	1649991533411	44.4318	1.20112e-06	-1.46934	0.999399	-1.57578e-10	0.0346575	4.93996e-08	img_UAV1_0_0_1649991533909526700.png
UAV1	1649991533528	43.3449	1.2056e-06	-1.48812	0.999425	-1.18382e-10	0.0339102	4.83755e-08	img_UAV1_0_0_1649991534026626400.png
UAV1	1649991533609	42.5916	1.20886e-06	-1.49995	0.99944	1.69983e-11	0.0334534	4.77065e-08	img_UAV1_0_0_1649991534108734900.png
UAV1	1649991533726	41.5026	1.21384e-06	-1.51546	0.99946	2.04356e-10	0.0328701	4.6636e-08	img_UAV1_0_0_1649991534226868600.png
UAV1	1649991533825	40.5803	1.21833e-06	-1.52724	0.999474	3.6135e-10	0.0324388	4.57967e-08	img_UAV1_0_0_1649991534325608600.png
UAV1	1649991533924	39.6573	1.22311e-06	-1.53791	0.999486	5.19889e-10	0.0320575	4.50937e-08	img_UAV1_0_0_1649991534424591700.png
UAV1	1649991534026	38.7058	1.22838e-06	-1.54783	0.999497	6.82445e-10	0.0317106	4.44233e-08	img_UAV1_0_0_1649991534525018200.png
UAV1	1649991534140	37.6417	1.23471e-06	-1.55774	0.999508	8.56022e-10	0.0313713	4.35034e-08	img_UAV1_0_0_1649991534640040300.png
UAV1	1649991534239	36.7171	1.24061e-06	-1.56544	0.999516	1.00432e-09	0.031113	4.26913e-08	img_UAV1_0_0_1649991534740060200.png
UAV1	1649991534341	35.7641	1.24713e-06	-1.57258	0.999523	1.16286e-09	0.0308778	4.20927e-08	img_UAV1_0_0_1649991534841161400.png
UAV1	1649991534440	34.8388	1.2539e-06	-1.57881	0.999529	1.31744e-09	0.030676	4.15776e-08	img_UAV1_0_0_1649991534941524700.png
UAV1	1649991534542	33.8851	1.26137e-06	-1.58458	0.999535	1.4793e-09	0.0304923	4.11704e-08	img_UAV1_0_0_1649991535043845400.png
UAV1	1649991534644	32.9312	1.26937e-06	-1.58974	0.99954	1.64563e-09	0.0303301	4.09415e-08	img_UAV1_0_0_1649991535144898200.png
UAV1	1649991534743	32.0051	1.27768e-06	-1.59425	0.999544	1.80249e-09	0.030191	4.05956e-08	img_UAV1_0_0_1649991535245895500.png
UAV1	1649991534842	31.0787	1.28654e-06	-1.59829	0.999548	1.9567e-09	0.0300676	4.01863e-08	img_UAV1_0_0_1649991535344656800.png
UAV1	1649991534944	30.1241	1.2963e-06	-1.60203	0.999551	2.11686e-09	0.0299552	3.98296e-08	img_UAV1_0_0_1649991535444655700.png
UAV1	1649991535058	29.057	1.30798e-06	-1.60575	0.999555	2.29686e-09	0.0298451	3.94875e-08	img_UAV1_0_0_1649991535561055500.png
UAV1	1649991535142	28.2706	1.31713e-06	-1.6082	0.999557	2.42779e-09	0.0297732	3.9192e-08	img_UAV1_0_0_1649991535643436800.png
UAV1	1649991535256	27.2032	1.33035e-06	-1.6112	0.999559	2.6008e-09	0.0296866	3.86504e-08	img_UAV1_0_0_1649991535759373800.png
UAV1	1649991535358	26.248	1.34296e-06	-1.61358	0.999561	2.75926e-09	0.0296187	3.83043e-08	img_UAV1_0_0_1649991535859747600.png
UAV1	1649991535457	25.3208	1.35596e-06	-1.61565	0.999563	2.91502e-09	0.0295603	3.80454e-08	img_UAV1_0_0_1649991535959492800.png
UAV1	1649991535556	24.3935	1.36972e-06	-1.61751	0.999565	3.07329e-09	0.0295085	3.78803e-08	img_UAV1_0_0_1649991536059515700.png
UAV1	1649991535673	23.298	-0.000541952	-1.61927	0.997292	-0.0657379	-0.0329298	0.00185771	img_UAV1_0_0_1649991536174725400.png
UAV1	1649991535760	22.4952	-0.0148913	-1.64671	0.97774	-0.15849	-0.137433	0.0042584	img_UAV1_0_0_1649991536262921900.png
UAV1	1649991535877	21.4736	-0.0932356	-1.73818	0.950964	-0.218394	-0.218949	0.00575656	img_UAV1_0_0_1649991536380822400.png
UAV1	1649991535967	20.7545	-0.215802	-1.84372	0.938575	-0.236421	-0.251268	0.00688304	img_UAV1_0_0_1649991536470121400.png
UAV1	1649991536075	19.9796	-0.440594	-2.0001	0.932129	-0.244272	-0.267244	0.0069313	img_UAV1_0_0_1649991536577683600.png
UAV1	1649991536180	19.3206	-0.7411	-2.17678	0.933227	-0.247929	-0.260022	0.00282552	img_UAV1_0_0_1649991536684416600.png
UAV1	1649991536270	18.8171	-1.05357	-2.33088	0.936457	-0.248399	-0.247679	-0.00126342	img_UAV1_0_0_1649991536773993700.png
UAV1	1649991536375	18.2601	-1.44554	-2.45549	0.942714	-0.240435	-0.231223	-0.0040833	img_UAV1_0_0_1649991536880120400.png
UAV1	1649991536477	17.7437	-1.84904	-2.51315	0.949159	-0.229656	-0.215223	-0.00592257	img_UAV1_0_0_1649991536980702300.png
UAV1	1649991536576	17.2642	-2.26117	-2.51095	0.954995	-0.21852	-0.20045	-0.00727886	img_UAV1_0_0_1649991537079580200.png
UAV1	1649991536687	16.7546	-2.75097	-2.45201	0.960848	-0.206065	-0.185035	-0.00846834	img_UAV1_0_0_1649991537193373000.png
UAV1	1649991536771	16.3929	-3.14621	-2.38182	0.964811	-0.196814	-0.174127	-0.00920023	img_UAV1_0_0_1649991537275672100.png
UAV1	1649991536879	15.9599	-3.68829	-2.2712	0.969383	-0.1852	-0.160928	-0.00998688	img_UAV1_0_0_1649991537385475300.png
UAV1	1649991536987	15.5634	-4.26954	-2.14759	0.973432	-0.173931	-0.148541	-0.010644	img_UAV1_0_0_1649991537492194200.png
UAV1	1649991537089	15.2218	-4.8544	-2.02663	0.976827	-0.163631	-0.137508	-0.0111752	img_UAV1_0_0_1649991537596790100.png
UAV1	1649991537194	14.9024	-5.49193	-1.90388	0.97993	-0.1534	-0.126771	-0.011652	img_UAV1_0_0_1649991537700739500.png
UAV1	1649991537293	14.6297	-6.1246	-1.79385	0.982522	-0.14412	-0.117193	-0.0120497	img_UAV1_0_0_1649991537801133900.png
UAV1	1649991537392	14.3828	-6.78618	-1.69214	0.984821	-0.135218	-0.108121	-0.0124065	img_UAV1_0_0_1649991537898439400.png
UAV1	1649991537491	14.1599	-7.47478	-1.60053	0.98685	-0.126713	-0.0995414	-0.012729	img_UAV1_0_0_1649991537997607700.png
UAV1	1649991537590	13.9593	-8.18837	-1.5201	0.988634	-0.118623	-0.0914456	-0.0130223	img_UAV1_0_0_1649991538096388900.png
UAV1	1649991537701	13.7583	-9.0156	-1.4437	0.990369	-0.110067	-0.082934	-0.0133212	img_UAV1_0_0_1649991538207584100.png
UAV1	1649991537797	13.6032	-9.75205	-1.38931	0.991665	-0.103118	-0.0760478	-0.0135573	img_UAV1_0_0_1649991538304496000.png
UAV1	1649991537893	13.4637	-10.5061	-1.34534	0.992792	-0.0965962	-0.0695953	-0.0137748	img_UAV1_0_0_1649991538400929500.png
UAV1	1649991538001	13.3236	-11.3732	-1.3075	0.993879	-0.0897726	-0.0628449	-0.0139992	img_UAV1_0_0_1649991538509548600.png
UAV1	1649991538097	13.2126	-12.1591	-1.28329	0.994703	-0.0841625	-0.0572858	-0.0141821	img_UAV1_0_0_1649991538604835000.png
UAV1	1649991538205	13.1013	-13.058	-1.26549	0.99549	-0.0783557	-0.0515128	-0.0143707	img_UAV1_0_0_1649991538713084900.png
UAV1	1649991538298	13.0156	-13.8435	-1.25714	0.996064	-0.0737729	-0.0469352	-0.0145195	img_UAV1_0_0_1649991538808343800.png
UAV1	1649991538409	12.9246	-14.7929	-1.25437	0.996642	-0.06879	-0.0419273	-0.0146818	img_UAV1_0_0_1649991538918080000.png
UAV1	1649991538517	12.8463	-15.7277	-1.25789	0.997107	-0.0644261	-0.037506	-0.0148247	img_UAV1_0_0_1649991539026489600.png
UAV1	1649991538613	12.7843	-16.5666	-1.26517	0.997454	-0.060925	-0.0339277	-0.0149403	img_UAV1_0_0_1649991539122425800.png
UAV1	1649991538709	12.7287	-17.4122	-1.27552	0.997746	-0.0577568	-0.0306595	-0.0150457	img_UAV1_0_0_1649991539220028600.png
UAV1	1649991538817	12.673	-18.3703	-1.28996	0.998021	-0.054562	-0.0273283	-0.0151532	img_UAV1_0_0_1649991539327588800.png
UAV1	1649991538913	12.6288	-19.2275	-1.30461	0.998225	-0.0520248	-0.0246516	-0.0152395	img_UAV1_0_0_1649991539424235000.png
UAV1	1649991539027	12.5823	-20.2511	-1.32345	0.998426	-0.0493486	-0.021792	-0.0153317	img_UAV1_0_0_1649991539536197300.png
UAV1	1649991539123	12.5475	-21.1173	-1.34001	0.998567	-0.0473523	-0.0196297	-0.0154014	img_UAV1_0_0_1649991539633507700.png
UAV1	1649991539219	12.5163	-21.987	-1.35683	0.998685	-0.0455685	-0.0176723	-0.0154645	img_UAV1_0_0_1649991539729990500.png
UAV1	1649991539330	12.4843	-22.9962	-1.37621	0.9988	-0.0437441	-0.0156411	-0.0155299	img_UAV1_0_0_1649991539840994800.png
UAV1	1649991539429	12.459	-23.8993	-1.39315	0.998885	-0.0423098	-0.0140198	-0.0155821	img_UAV1_0_0_1649991539939979400.png
UAV1	1649991539522	12.4377	-24.7499	-1.4086	0.998952	-0.0411103	-0.0126444	-0.0156264	img_UAV1_0_0_1649991540037680400.png
UAV1	1649991539630	12.4158	-25.7399	-1.4258	0.999019	-0.0398776	-0.0112093	-0.0156726	img_UAV1_0_0_1649991540148081000.png
UAV1	1649991539729	12.398	-26.6495	-1.44077	0.99907	-0.0388822	-0.0100319	-0.0157105	img_UAV1_0_0_1649991540245811900.png
UAV1	1649991539840	12.3804	-27.6713	-1.45657	0.999118	-0.0379012	-0.00885253	-0.0157484	img_UAV1_0_0_1649991540357257500.png
UAV1	1649991539936	12.3669	-28.5564	-1.46936	0.999153	-0.0371546	-0.00794022	-0.0157777	img_UAV1_0_0_1649991540454576100.png
UAV1	1649991540044	12.3536	-29.5535	-1.48275	0.999187	-0.0364138	-0.0070207	-0.0158072	img_UAV1_0_0_1649991540562364000.png
UAV1	1649991540140	12.3432	-30.441	-1.49379	0.999213	-0.0358334	-0.00628858	-0.0158307	img_UAV1_0_0_1649991540657480600.png
UAV1	1649991540236	12.3339	-31.3294	-1.50402	0.999235	-0.0353179	-0.00562847	-0.0158519	img_UAV1_0_0_1649991540756581100.png
UAV1	1649991540347	12.3246	-32.3576	-1.51489	0.999256	-0.0347932	-0.00494569	-0.0158737	img_UAV1_0_0_1649991540867086200.png
UAV1	1649991540443	12.3176	-33.2476	-1.5235	0.999272	-0.0343941	-0.00441761	-0.0158907	img_UAV1_0_0_1649991540961834200.png
UAV1	1649991540551	12.3107	-34.2496	-1.53235	0.999288	-0.0339982	-0.0038852	-0.0159077	img_UAV1_0_0_1649991541071562700.png
UAV1	1649991540656	12.305	-35.2244	-1.54016	0.999301	-0.0336607	-0.00342366	-0.0159225	img_UAV1_0_0_1649991541181445200.png
UAV1	1649991540752	12.3005	-36.1162	-1.54667	0.999311	-0.0333881	-0.00304489	-0.0159346	img_UAV1_0_0_1649991541275788500.png
UAV1	1649991540860	12.2962	-37.1199	-1.55331	0.999321	-0.0331176	-0.00266295	-0.0159468	img_UAV1_0_0_1649991541385403600.png
UAV1	1649991540956	12.2929	-38.0125	-1.55866	0.999328	-0.0329057	-0.00235864	-0.0159565	img_UAV1_0_0_1649991541481592100.png
UAV1	1649991541052	12.2902	-38.9054	-1.56353	0.999335	-0.0327173	-0.00208409	-0.0159653	img_UAV1_0_0_1649991541578042700.png
UAV1	1649991541160	12.2877	-39.9103	-1.56848	0.999341	-0.0325303	-0.00180712	-0.0159741	img_UAV1_0_0_1649991541685766600.png
UAV1	1649991541268	12.2856	-40.9155	-1.57291	0.999347	-0.0323665	-0.00156034	-0.015982	img_UAV1_0_0_1649991541793349200.png
UAV1	1649991541361	12.2843	-41.7813	-1.57636	0.999351	-0.0322418	-0.00136953	-0.0159881	img_UAV1_0_0_1649991541888112800.png
UAV1	1649991541466	12.2831	-42.759	-1.57988	0.999355	-0.0321171	-0.00117566	-0.0159943	img_UAV1_0_0_1649991541993689800.png
UAV1	1649991541574	12.2823	-43.7649	-1.58312	0.999359	-0.0320044	-0.000997645	-0.0159999	img_UAV1_0_0_1649991542101149800.png
UAV1	1649991541673	12.2818	-44.6872	-1.58578	0.999362	-0.0319135	-0.000851532	-0.0160046	img_UAV1_0_0_1649991542202554900.png
UAV1	1649991541778	12.2816	-45.6655	-1.58832	0.999365	-0.0318284	-0.000712499	-0.0160091	img_UAV1_0_0_1649991542308471200.png
UAV1	1649991541871	12.2816	-46.5321	-1.59035	0.999367	-0.0317616	-0.000601678	-0.0160126	img_UAV1_0_0_1649991542402670000.png
UAV1	1649991541979	12.2818	-47.5385	-1.59246	0.999369	-0.0316929	-0.000486016	-0.0160163	img_UAV1_0_0_1649991542510440400.png
UAV1	1649991542084	12.2823	-48.5172	-1.59429	0.999371	-0.0316343	-0.000385617	-0.0160195	img_UAV1_0_0_1649991542616595100.png
UAV1	1649991542177	12.2828	-49.3841	-1.59575	0.999373	-0.0315883	-0.000305578	-0.016022	img_UAV1_0_0_1649991542707786100.png
UAV1	1649991542282	12.2836	-50.3629	-1.59723	0.999374	-0.0315423	-0.0002242	-0.0160246	img_UAV1_0_0_1649991542813448700.png
UAV1	1649991542390	12.2845	-51.3698	-1.59859	0.999375	-0.0315006	-0.000149447	-0.016027	img_UAV1_0_0_1649991542921785500.png
UAV1	1649991542483	12.2855	-52.2368	-1.59964	0.999376	-0.031469	-9.15902e-05	-0.0160288	img_UAV1_0_0_1649991543014553100.png
UAV1	1649991542585	12.2866	-53.1879	-1.60068	0.999377	-0.0314382	-3.44061e-05	-0.0160307	img_UAV1_0_0_1649991543118445100.png
UAV1	1649991542690	12.2878	-54.167	-1.60163	0.999378	-0.0314102	1.83659e-05	-0.0160324	img_UAV1_0_0_1649991543222391800.png
UAV1	1649991542792	12.2892	-55.118	-1.60245	0.999379	-0.0313862	6.42862e-05	-0.0160339	img_UAV1_0_0_1649991543325976200.png
UAV1	1649991542885	12.2905	-55.9853	-1.60313	0.999379	-0.0313668	0.00010206	-0.0160351	img_UAV1_0_0_1649991543417920500.png
UAV1	1649991542999	12.2921	-57.0485	-1.60387	0.99938	-0.0313458	0.00014357	-0.0160364	img_UAV1_0_0_1649991543533422300.png
UAV1	1649991543104	12.2937	-58.0277	-1.60448	0.99938	-0.0313288	0.000177581	-0.0160375	img_UAV1_0_0_1649991543637487000.png
UAV1	1649991543191	12.2951	-58.839	-1.60493	0.999381	-0.0313163	0.000203038	-0.0160383	img_UAV1_0_0_1649991543726945800.png
UAV1	1649991543293	12.2967	-59.7903	-1.6054	0.999381	-0.0313032	0.000230059	-0.0160392	img_UAV1_0_0_1649991543828463300.png
UAV1	1649991543395	12.2984	-60.7416	-1.60583	0.999382	-0.0312918	0.000254301	-0.01604	img_UAV1_0_0_1649991543929648700.png
UAV1	1649991543509	12.3004	-61.8049	-1.60626	0.999382	-0.0312804	0.000278475	-0.0160408	img_UAV1_0_0_1649991544043481200.png
UAV1	1649991543608	12.3021	-62.7283	-1.60658	0.999382	-0.0312718	0.000297238	-0.0160414	img_UAV1_0_0_1649991544144651900.png
UAV1	1649991543701	12.3038	-63.5956	-1.60603	0.999866	0.00140004	0.00236305	-0.0161272	img_UAV1_0_0_1649991544236342600.png
UAV1	1649991543806	12.3051	-64.5636	-1.61686	0.991226	0.130869	0.00826584	-0.016604	img_UAV1_0_0_1649991544342495800.png
UAV1	1649991543908	12.3047	-65.4564	-1.68773	0.978334	0.2061	0.00978048	-0.0170284	img_UAV1_0_0_1649991544444890700.png
UAV1	1649991544010	12.3022	-66.2751	-1.81683	0.969651	0.243679	0.00964493	-0.0174391	img_UAV1_0_0_1649991544547833700.png
UAV1	1649991544115	12.298	-67.0272	-2.00452	0.964607	0.262941	0.00868111	-0.0178892	img_UAV1_0_0_1649991544651588700.png
UAV1	1649991544217	12.2928	-67.6652	-2.23477	0.962018	0.272268	0.00732541	-0.0183607	img_UAV1_0_0_1649991544755717600.png
UAV1	1649991544322	12.2867	-68.2319	-2.50626	0.960647	0.277071	0.00567997	-0.0188797	img_UAV1_0_0_1649991544861350200.png
UAV1	1649991544430	12.2805	-68.7625	-2.7514	0.959944	0.279492	0.00388065	-0.0194267	img_UAV1_0_0_1649991544967397600.png
UAV1	1649991544523	12.2754	-69.1903	-2.91327	0.959632	0.280545	0.00237681	-0.0198776	img_UAV1_0_0_1649991545061844400.png
UAV1	1649991544631	12.2699	-69.6526	-3.04601	0.959443	0.281167	0.000781388	-0.0203531	img_UAV1_0_0_1649991545169878000.png
UAV1	1649991544730	12.2656	-70.0406	-3.12077	0.959353	0.281444	-0.000496603	-0.0207327	img_UAV1_0_0_1649991545268492500.png
UAV1	1649991544835	12.262	-70.4114	-3.15683	0.959303	0.281587	-0.00164387	-0.0210728	img_UAV1_0_0_1649991545374240700.png
UAV1	1649991544928	12.2598	-70.7023	-3.15597	0.959278	0.281648	-0.00248039	-0.0213205	img_UAV1_0_0_1649991545468629800.png
UAV1	1649991545033	12.2588	-70.9856	-3.12243	0.959262	0.281679	-0.00322645	-0.0215412	img_UAV1_0_0_1649991545573213800.png
UAV1	1649991545138	12.2594	-71.2188	-3.05853	0.959252	0.281691	-0.003768	-0.0217013	img_UAV1_0_0_1649991545678049100.png
UAV1	1649991545240	12.2618	-71.3949	-2.97101	0.959247	0.281697	-0.00410391	-0.0218007	img_UAV1_0_0_1649991545779308000.png
UAV1	1649991545339	12.266	-71.5167	-2.865	0.959244	0.2817	-0.00425566	-0.0218457	img_UAV1_0_0_1649991545880499500.png
UAV1	1649991545441	12.2723	-71.5898	-2.7367	0.9598	0.279801	-0.00419411	-0.0218491	img_UAV1_0_0_1649991545979856700.png
UAV1	1649991545537	12.2801	-71.6094	-2.60046	0.963036	0.268461	-0.00376224	-0.0218466	img_UAV1_0_0_1649991546077932300.png
UAV1	1649991545645	12.291	-71.5745	-2.43362	0.96777	0.250872	-0.00299701	-0.0218091	img_UAV1_0_0_1649991546185970600.png
UAV1	1649991545738	12.302	-71.4967	-2.28414	0.971844	0.234611	-0.0021839	-0.0217392	img_UAV1_0_0_1649991546278841600.png
UAV1	1649991545840	12.3156	-71.3615	-2.12061	0.975985	0.21676	-0.00117526	-0.0216261	img_UAV1_0_0_1649991546381221900.png
UAV1	1649991545942	12.3306	-71.1759	-1.96336	0.979692	0.199352	-7.97262e-05	-0.0214824	img_UAV1_0_0_1649991546483796900.png
UAV1	1649991546041	12.3462	-70.9502	-1.82118	0.982867	0.183073	0.00103457	-0.0213223	img_UAV1_0_0_1649991546583403700.png
UAV1	1649991546143	12.363	-70.674	-1.68871	0.985722	0.167034	0.00220114	-0.0211449	img_UAV1_0_0_1649991546684251100.png
UAV1	1649991546251	12.3811	-70.3373	-1.56616	0.988316	0.150932	0.00341728	-0.0209526	img_UAV1_0_0_1649991546792376800.png
UAV1	1649991546350	12.3976	-69.9927	-1.47077	0.990341	0.137015	0.00447932	-0.0207797	img_UAV1_0_0_1649991546890535100.png
UAV1	1649991546458	12.4151	-69.5817	-1.38519	0.992202	0.122799	0.00554255	-0.0206014	img_UAV1_0_0_1649991547000220000.png
UAV1	1649991546560	12.4309	-69.1639	-1.32133	0.993664	0.110332	0.00642373	-0.0204479	img_UAV1_0_0_1649991547100752500.png
UAV1	1649991546662	12.4457	-68.7209	-1.27274	0.994873	0.0988179	0.00715996	-0.0203119	img_UAV1_0_0_1649991547203952100.png
UAV1	1649991546770	12.46	-68.2281	-1.23625	0.995914	0.0876759	0.0077611	-0.0201891	img_UAV1_0_0_1649991547313236400.png
UAV1	1649991546878	12.4726	-67.7143	-1.2132	0.996748	0.0776072	0.00816602	-0.0200887	img_UAV1_0_0_1649991547421590300.png
UAV1	1649991546980	12.4829	-67.2126	-1.20189	0.997377	0.0690619	0.00836457	-0.0200136	img_UAV1_0_0_1649991547523298500.png
UAV1	1649991547094	12.4926	-66.6358	-1.20031	0.998635	0.0475288	0.00863991	-0.0198379	img_UAV1_0_0_1649991547635812800.png
UAV1	1649991547196	12.4991	-66.1095	-1.21933	0.999687	0.0127757	0.00902695	-0.0195397	img_UAV1_0_0_1649991547738460500.png
UAV1	1649991547289	12.503	-65.6279	-1.26471	0.999473	-0.0244606	0.00934197	-0.0191969	img_UAV1_0_0_1649991547830880600.png
UAV1	1649991547400	12.5046	-65.063	-1.35718	0.997298	-0.0703949	0.00954893	-0.0187349	img_UAV1_0_0_1649991547943921800.png
UAV1	1649991547502	12.503	-64.5645	-1.4733	0.99369	-0.110257	0.00949785	-0.0182884	img_UAV1_0_0_1649991548044259100.png
UAV1	1649991547604	12.4985	-64.0944	-1.60847	0.98921	-0.145126	0.00917119	-0.0178452	img_UAV1_0_0_1649991548147012400.png
UAV1	1649991547712	12.4908	-63.6334	-1.75838	0.984406	-0.174844	0.00851655	-0.0173979	img_UAV1_0_0_1649991548254969500.png
UAV1	1649991547820	12.4804	-63.213	-1.90138	0.980308	-0.196596	0.00757288	-0.0169813	img_UAV1_0_0_1649991548364311900.png
UAV1	1649991547931	12.4674	-62.8239	-2.0293	0.977285	-0.211183	0.00636072	-0.0165845	img_UAV1_0_0_1649991548475782300.png
UAV1	1649991548018	12.4557	-62.5491	-2.11071	0.975825	-0.217883	0.005286	-0.0162921	img_UAV1_0_0_1649991548561799600.png
UAV1	1649991548126	12.4398	-62.2449	-2.18531	0.975022	-0.2215	0.00385599	-0.0159476	img_UAV1_0_0_1649991548670989800.png
UAV1	1649991548234	12.4225	-61.9815	-2.22973	0.975149	-0.220984	0.00237285	-0.0156199	img_UAV1_0_0_1649991548779208600.png
UAV1	1649991548321	12.4077	-61.7993	-2.24442	0.975786	-0.218183	0.00117057	-0.015367	img_UAV1_0_0_1649991548865100500.png
UAV1	1649991548429	12.3885	-61.6107	-2.23892	0.977091	-0.212289	-0.000301755	-0.0150662	img_UAV1_0_0_1649991548973426800.png
UAV1	1649991548537	12.3688	-61.4641	-2.2108	0.978833	-0.204117	-0.00172697	-0.0147796	img_UAV1_0_0_1649991549081718300.png
UAV1	1649991548645	12.3488	-61.3596	-2.16452	0.980902	-0.193935	-0.00308357	-0.014507	img_UAV1_0_0_1649991549191128700.png
UAV1	1649991548735	12.3321	-61.3043	-2.11549	0.982807	-0.184038	-0.0041484	-0.0142902	img_UAV1_0_0_1649991549279631400.png
UAV1	1649991548843	12.3124	-61.2752	-2.04823	0.985232	-0.170567	-0.00533239	-0.0140418	img_UAV1_0_0_1649991549389406300.png
UAV1	1649991548954	12.2929	-61.2861	-1.97412	0.987795	-0.155014	-0.00642631	-0.0137989	img_UAV1_0_0_1649991549499393800.png
UAV1	1649991549041	12.2783	-61.322	-1.91552	0.98979	-0.141699	-0.0071852	-0.0136165	img_UAV1_0_0_1649991549587724300.png
UAV1	1649991549149	12.2613	-61.3973	-1.84552	0.992168	-0.123933	-0.00799351	-0.0133987	img_UAV1_0_0_1649991549695729700.png
UAV1	1649991549254	12.2463	-61.4999	-1.78335	0.99429	-0.105539	-0.00862517	-0.0131951	img_UAV1_0_0_1649991549801151400.png
UAV1	1649991549338	12.2356	-61.6002	-1.73948	0.995797	-0.0902015	-0.00901351	-0.0130373	img_UAV1_0_0_1649991549884642900.png
UAV1	1649991549440	12.2241	-61.7403	-1.69465	0.997344	-0.0710834	-0.0093384	-0.0128514	img_UAV1_0_0_1649991549985636600.png
UAV1	1649991549536	12.215	-61.8869	-1.66171	0.998475	-0.0528845	-0.00949315	-0.0126822	img_UAV1_0_0_1649991550083609700.png
UAV1	1649991549647	12.2067	-62.069	-1.63238	0.99988	-0.00504109	-0.00795147	-0.0123031	img_UAV1_0_0_1649991550193173700.png
UAV1	1649991549731	12.2016	-62.209	-1.6074	0.999266	0.0359617	-0.00548436	-0.0120188	img_UAV1_0_0_1649991550280187100.png
UAV1	1649991549845	12.1962	-62.3896	-1.58734	0.997807	0.0650312	-0.00341113	-0.0118152	img_UAV1_0_0_1649991550395162200.png
UAV1	1649991549938	12.1927	-62.5241	-1.57911	0.997236	0.0733311	-0.00237852	-0.0117446	img_UAV1_0_0_1649991550488882700.png
UAV1	1649991550043	12.1895	-62.6604	-1.5722	0.997185	0.074045	-0.00163701	-0.0117127	img_UAV1_0_0_1649991550591161800.png
UAV1	1649991550136	12.1871	-62.7678	-1.56527	0.997433	0.0706353	-0.00121287	-0.0117045	img_UAV1_0_0_1649991550686068800.png
UAV1	1649991550238	12.1848	-62.8719	-1.55548	0.997827	0.0648335	-0.000902213	-0.0117049	img_UAV1_0_0_1649991550789316600.png
UAV1	1649991550340	12.1829	-62.963	-1.54312	0.998235	0.0582252	-0.000692999	-0.0117091	img_UAV1_0_0_1649991550890175600.png
UAV1	1649991550439	12.1813	-63.0401	-1.52887	0.99859	0.0517675	-0.000551001	-0.0117138	img_UAV1_0_0_1649991550988929900.png
UAV1	1649991550535	12.18	-63.1054	-1.51328	0.998881	0.0458143	-0.000450435	-0.0117182	img_UAV1_0_0_1649991551086467800.png
UAV1	1649991550640	12.1787	-63.1675	-1.49466	0.999137	0.039838	-0.000368069	-0.0117221	img_UAV1_0_0_1649991551192569700.png
UAV1	1649991550748	12.1776	-63.2224	-1.47423	0.999341	0.0343485	-0.00030359	-0.0117253	img_UAV1_0_0_1649991551300530800.png
UAV1	1649991550841	12.1768	-63.2633	-1.45588	0.999476	0.0301571	-0.000259515	-0.0117275	img_UAV1_0_0_1649991551394608800.png
UAV1	1649991550943	12.176	-63.3023	-1.4352	0.999591	0.0260989	-0.000219996	-0.0117293	img_UAV1_0_0_1649991551497630000.png
UAV1	1649991551048	12.1753	-63.3369	-1.41348	0.999679	0.0224604	-0.000186578	-0.0117306	img_UAV1_0_0_1649991551603892300.png
UAV1	1649991551141	12.1748	-63.3634	-1.39401	0.999738	0.019648	-0.000161752	-0.0117315	img_UAV1_0_0_1649991551696952300.png
UAV1	1649991551255	12.1742	-63.3914	-1.36996	0.999792	0.0166646	-0.000136154	-0.0117324	img_UAV1_0_0_1649991551811036200.png
UAV1	1649991551357	12.1738	-63.4128	-1.34835	0.999828	0.0143748	-0.00011691	-0.0117329	img_UAV1_0_0_1649991551913605600.png
UAV1	1649991551450	12.1735	-63.4297	-1.32862	0.999852	0.012559	-0.000101841	-0.0117332	img_UAV1_0_0_1649991552006916000.png
UAV1	1649991551555	12.1732	-63.4462	-1.30635	0.999873	0.0107808	-8.72187e-05	-0.0117335	img_UAV1_0_0_1649991552112800600.png
UAV1	1649991551660	12.1729	-63.4604	-1.28411	0.999888	0.00925273	-7.47341e-05	-0.0117338	img_UAV1_0_0_1649991552217058100.png
UAV1	1649991551762	12.1726	-63.4723	-1.26255	0.999899	0.0079751	-6.43469e-05	-0.0117339	img_UAV1_0_0_1649991552320087000.png
UAV1	1649991551867	12.1724	-63.4827	-1.24041	0.999908	0.00684335	-5.51706e-05	-0.011734	img_UAV1_0_0_1649991552423299100.png
UAV1	1649991551972	12.1723	-63.4917	-1.21833	0.999914	0.00587197	-4.73132e-05	-0.0117341	img_UAV1_0_0_1649991552529380800.png
UAV1	1649991552065	12.1721	-63.4986	-1.19882	0.999918	0.00512725	-4.12966e-05	-0.0117342	img_UAV1_0_0_1649991552622707300.png
UAV1	1649991552167	12.172	-63.5052	-1.17748	0.999921	0.00441845	-3.55764e-05	-0.0117342	img_UAV1_0_0_1649991552726503600.png
UAV1	1649991552273	12.1719	-63.511	-1.15557	0.999924	0.0037909	-3.05179e-05	-0.0117343	img_UAV1_0_0_1649991552830075000.png
UAV1	1649991552378	12.1718	-63.516	-1.13371	0.999926	0.00325239	-2.61764e-05	-0.0117343	img_UAV1_0_0_1649991552936969200.png
UAV1	1649991552471	12.1717	-63.5198	-1.1144	0.999927	0.0028396	-2.28509e-05	-0.0117343	img_UAV1_0_0_1649991553030468800.png
UAV1	1649991552579	12.1716	-63.5236	-1.09202	0.999928	0.00242546	-1.9512e-05	-0.0117343	img_UAV1_0_0_1649991553138213000.png
UAV1	1649991552684	12.1716	-63.5268	-1.07031	0.999929	0.00208077	-1.67377e-05	-0.0117343	img_UAV1_0_0_1649991553243984300.png
